0.004210025 1.623403e-05 0.004761982 0.0001866913 2.164537e-05 0.002822016 0.02640465 0.01005969 0.0002083367 0.001360953 0.0005492513 0.0009253397 0.0003923224 0.03440261 0.0006899463 7.575881e-05 0.004937851 0.0001163439 0.0002759785 0.00036256 0.004164029 4.870209e-05 0.02179418 0.006742534 8.117015e-06 0.0008874603 0.002832838 0.01718913 0.04102069 0.03566887 3.78794e-05 0.000568191 2.164537e-05 0.01083621 3.246806e-05 0.002302527 0.0001921027 0.01215929 0.0009659248 0.0002272764 0.0006628895 1.623403e-05 3.246806e-05 2.164537e-05 2.705672e-06 1.352836e-05 2.705672e-06 0 0 0.0001082269 2.705672e-06 3.78794e-05 1.082269e-05 2.705672e-06 0 0 1.082269e-05 0 2.976239e-05 0 0 5.411343e-06 2.705672e-06 2.705672e-06 1.352836e-05 5.411343e-06 0.000338209 0 8.117015e-06 3.78794e-05 0.0002029254 3.78794e-05 2.435104e-05 0 0 5.411343e-06 3.78794e-05 0 5.411343e-05 2.705672e-06 0.0001271666 0 0 0 0 0
1.623403e-05 0.03056597 0.002548743 2.705672e-06 5.411343e-06 5.411343e-06 6.223045e-05 7.305313e-05 0.0119726 1.082269e-05 0.0007440597 5.411343e-06 0.02508428 7.305313e-05 0.0001488119 0.0004761982 0.02722447 0.0004193791 0.009158698 5.411343e-06 0.0002272764 0.04832059 0.001385304 0.009924404 0.081622 0.04389141 0.1271179 0.0003436203 3.78794e-05 0.0001461063 0.001726218 2.705672e-05 0 0.004567174 2.435104e-05 0.01113113 0.009542904 0.01888018 0.004937851 4.870209e-05 1.352836e-05 0.0001866913 2.705672e-06 0 0.000165046 0.000568191 0 0 0 2.435104e-05 2.705672e-06 0 2.705672e-06 1.352836e-05 0 0.000189397 5.411343e-06 0 4.599642e-05 6.764179e-05 6.493612e-05 0.000156929 0 2.705672e-06 5.68191e-05 0.0002516275 1.352836e-05 0.0002029254 0.0006466555 0.005221946 1.89397e-05 0 2.705672e-06 2.164537e-05 0 0 0.0001217552 1.352836e-05 0.0005005493 0.0003733827 0.0005303116 5.140776e-05 2.705672e-06 0 1.082269e-05 2.705672e-06
0.004761982 0.002548743 0.11603 8.387582e-05 1.352836e-05 0.0008333469 0.03053621 0.01919674 0.0002380991 0.0004545528 0.0008279355 1.623403e-05 0.0002678615 0.01360682 8.117015e-06 0.00278143 0.1092821 0.000370677 0.007191675 2.705672e-05 0.03963268 0.0004545528 0.1556492 0.01609063 7.305313e-05 0.1818238 0.1511605 0.02899398 0.003141285 0.01710255 9.469851e-05 0.0001677516 0.0001190496 0.03685395 0.0002651558 0.03570134 0.004380482 0.08652738 0.01161274 0.00018128 0.0001461063 4.599642e-05 7.305313e-05 2.435104e-05 0.0002651558 0.001501648 1.89397e-05 0 0 9.469851e-05 2.705672e-06 4.058507e-05 1.082269e-05 1.082269e-05 2.705672e-06 5.411343e-06 5.411343e-06 0 0.0002191594 0.000189397 1.082269e-05 3.246806e-05 2.705672e-06 1.89397e-05 7.575881e-05 0.0004680812 0.0002732728 2.164537e-05 0.0001677516 0.00970795 0.0001298722 4.870209e-05 3.78794e-05 0 0 0 0.0002137481 1.082269e-05 0.0007629994 0.000378794 0.0007792334 4.329075e-05 1.082269e-05 2.705672e-06 2.705672e-06 2.705672e-06
0.0001866913 2.705672e-06 8.387582e-05 0.0086825 0.0001488119 0.006274453 0.01645589 0.0040071 0.04128584 0.02380991 0.000189397 0.01755169 0.0002110424 0.003133168 0.002789547 0 6.223045e-05 2.435104e-05 5.140776e-05 0.04327722 8.117015e-06 1.082269e-05 0.0001758687 0.02171843 5.411343e-06 7.846448e-05 0.0001677516 0.0217536 0.006336683 0.0001758687 1.082269e-05 0.0003760884 0.0001109325 0.002857189 6.493612e-05 0.006704654 4.599642e-05 0.01224046 0.001425889 0.001258137 0.001663988 1.623403e-05 5.140776e-05 0.0001271666 0 8.117015e-06 0.002302527 0 9.740418e-05 0.002767902 0.0002299821 0.002564977 0.00155035 1.082269e-05 0.0001271666 0 0.0002462161 0 5.411343e-06 2.705672e-06 8.117015e-06 2.705672e-06 0.001306839 0 0 2.705672e-06 0.004312841 0 1.352836e-05 2.705672e-06 0.004897266 0.0006953576 1.082269e-05 0 3.517373e-05 6.223045e-05 0.0001434006 0 0.0001623403 2.705672e-06 0.0003814997 2.164537e-05 1.352836e-05 5.411343e-06 0 0
2.164537e-05 5.411343e-06 1.352836e-05 0.0001488119 2.705672e-06 0.001839857 0.0001623403 0.0001839857 0.003227866 0.0002462161 0.0003273863 0.003996277 0.000535723 0.0001190496 0.03438638 2.705672e-06 2.164537e-05 3.517373e-05 3.78794e-05 0.0007034746 0 6.493612e-05 2.705672e-06 0.0004816095 2.705672e-06 9.469851e-05 4.329075e-05 0.0001542233 0.0001758687 0 8.117015e-06 0.000156929 0 0.001030861 0 0.0001488119 1.89397e-05 0.001428595 1.89397e-05 0.01771674 0.0008955773 0 0 5.411343e-06 0 2.705672e-06 0 0 0 0 0 5.411343e-06 0 0 0 0 2.705672e-06 0 0 0 0 0 0 0 0 0 1.623403e-05 0 0 0 8.117015e-06 5.411343e-06 0 0 0 0 2.705672e-06 0 2.705672e-06 0 2.705672e-06 0 0 0 0 0
0.002822016 5.411343e-06 0.0008333469 0.006274453 0.001839857 0.3109926 0.1084109 0.1134678 0.0008874603 0.2245275 0.002903186 0.1101127 0.002889657 0.04786333 0.05043913 8.117015e-06 0.0004626698 0.000378794 0.0005546627 0.01783038 0.0001001099 2.435104e-05 0.00145024 0.006772296 2.705672e-05 0.001325779 0.0008306412 0.0421219 0.009234457 0.0009009887 0.000156929 0.005652148 8.117015e-05 0.008368642 5.952478e-05 0.004182968 0.0001406949 0.01861232 0.0005925421 0.01359059 0.006166226 2.164537e-05 3.78794e-05 1.082269e-05 0 8.117015e-06 5.411343e-05 0 5.411343e-06 0.0002002197 1.352836e-05 7.575881e-05 4.329075e-05 0 0 2.705672e-06 1.352836e-05 0 1.352836e-05 0 0 0 3.246806e-05 2.705672e-06 1.623403e-05 5.411343e-06 0.000346326 0 1.352836e-05 5.411343e-06 0.0003111522 8.928716e-05 1.352836e-05 2.705672e-06 0 2.705672e-06 2.705672e-05 0 4.329075e-05 0 3.78794e-05 2.705672e-06 0 0 0 2.705672e-06
0.02640465 6.223045e-05 0.03053621 0.01645589 0.0001623403 0.1084109 0.278833 0.1707576 0.0183688 0.1782361 0.002410753 0.003087171 0.001972435 0.1180836 0.0009388681 0.0003057409 0.006961693 0.0003571487 0.0009172227 0.009118113 0.02207016 0.0006683009 0.07246871 0.09167357 3.517373e-05 0.007021218 0.02349605 0.4821832 0.0627824 0.06887558 0.0001109325 0.003003296 0.001333896 0.03066879 0.000386911 0.03414828 0.001507059 0.08335904 0.01084704 0.002440516 0.007887033 8.117015e-05 0.0004220848 0.001539527 2.164537e-05 0.0002245707 0.002288998 5.411343e-06 0.0001001099 0.0106847 0.00108768 0.003392912 0.001571995 0.0001866913 5.68191e-05 1.623403e-05 0.00120673 1.082269e-05 0.0006141875 4.058507e-05 3.246806e-05 1.89397e-05 0.001136382 7.305313e-05 0.0003030352 4.599642e-05 0.01977846 0 0.0002489218 0.0002353934 0.01754087 0.006109407 0.0007034746 0 0.00018128 0.0005654854 0.002226768 2.705672e-06 0.003279274 0.0001136382 0.006390796 0.0001082269 7.305313e-05 9.199284e-05 2.705672e-06 2.164537e-05
0.01005969 7.305313e-05 0.01919674 0.0040071 0.0001839857 0.1134678 0.1707576 0.1824624 0.001642343 0.06049882 0.002892363 0.03984372 0.002949182 0.08614858 0.007989848 0.0001921027 0.01050612 0.0003842054 0.001017333 0.01109325 0.003595838 0.0002705672 0.03900226 0.0383069 3.78794e-05 0.005608857 0.01002181 0.09236081 0.01235951 0.01921568 0.0001623403 0.00270026 0.0007197087 0.01803871 0.000165046 0.009080234 0.0006845349 0.02588245 0.003636423 0.006317743 0.004421067 2.435104e-05 4.870209e-05 0.0001839857 5.411343e-06 2.976239e-05 8.928716e-05 0 2.705672e-06 0.0009442794 7.034746e-05 0.0003030352 6.223045e-05 1.082269e-05 0 8.117015e-06 8.928716e-05 2.705672e-06 0.0001515176 8.117015e-06 0 2.705672e-06 4.870209e-05 2.705672e-06 4.599642e-05 1.082269e-05 0.002248413 0 2.976239e-05 8.387582e-05 0.00146918 0.0004816095 0.0001136382 0 1.623403e-05 5.411343e-05 0.0002245707 0 0.0003571487 2.435104e-05 0.0005546627 2.164537e-05 5.411343e-06 1.082269e-05 0 0
0.0002083367 0.0119726 0.0002380991 0.04128584 0.003227866 0.0008874603 0.0183688 0.001642343 0.01805495 0.002732728 0.000197514 0.006455733 0.002857189 0.001112031 0.02042512 0.0002164537 0.004515766 8.387582e-05 0.001174261 0.03428898 5.68191e-05 0.08995276 0.0003057409 0.1049016 0.005941655 0.0176031 0.02280069 0.03810668 0.001666694 0.00283825 0.0003950281 6.764179e-05 8.928716e-05 0.001415066 1.89397e-05 0.003254923 0.0007197087 0.006377268 0.001655871 0.004837741 0.0003760884 5.411343e-06 1.352836e-05 0.0008144072 7.846448e-05 0.0002272764 0.002727317 8.117015e-06 0.0001109325 0.007302608 0.000551957 0.00173163 0.0018128 5.952478e-05 0.0001001099 2.164537e-05 0.0007197087 1.352836e-05 0.0006168931 2.976239e-05 2.164537e-05 3.517373e-05 0.001442123 6.223045e-05 0.0001948084 6.223045e-05 0.02566059 3.78794e-05 0.0003003296 0.0002651558 0.01487849 0.002535214 0.0006520669 2.705672e-06 9.199284e-05 0.0003111522 0.0009118113 8.117015e-06 0.002283587 0.0002570388 0.002665087 6.223045e-05 7.575881e-05 4.058507e-05 2.705672e-06 2.705672e-06
0.001360953 1.082269e-05 0.0004545528 0.02380991 0.0002462161 0.2245275 0.1782361 0.06049882 0.002732728 0.3949279 0.004136972 0.09127313 0.003820408 0.0385477 0.001379893 2.435104e-05 0.0001515176 0.0006277158 0.0007711164 0.08857016 4.058507e-05 4.058507e-05 0.0006195988 0.01017062 3.246806e-05 0.001642343 0.0009713361 0.1116793 0.03405899 0.0004383188 0.0002435104 0.00501361 0.000165046 0.02244084 0.0001623403 0.02130716 0.0004707869 0.06980633 0.002665087 0.00326304 0.008430873 3.246806e-05 0.0001948084 4.058507e-05 0 1.623403e-05 0.0004112621 0 2.435104e-05 0.00072512 6.493612e-05 0.0003327976 0.0002949182 2.705672e-06 1.352836e-05 0 6.223045e-05 0 1.082269e-05 5.411343e-06 0 0 0.0002326878 0 5.411343e-06 2.705672e-06 0.00106874 0 0 2.705672e-06 0.001060623 0.0001542233 8.117015e-06 0 1.082269e-05 1.352836e-05 5.952478e-05 0 8.117015e-05 2.705672e-06 0.0001028155 0 5.411343e-06 0 0 0
0.0005492513 0.0007440597 0.0008279355 0.000189397 0.0003273863 0.002903186 0.002410753 0.002892363 0.000197514 0.004136972 0.09088622 0.004521177 0.1041413 0.001609875 0.000197514 0.0001109325 0.007873504 0.04666472 0.06901898 0.001222964 0.0004247904 0.0004951379 0.001176967 0.0008495809 0.002911303 0.1282083 0.01442664 0.001201318 0.002221356 0.0002191594 0.02218651 0.008041256 2.976239e-05 0.08597272 5.140776e-05 0.00668842 0.03619106 0.1485928 0.01796837 0.000156929 0.003346916 0.004916205 1.352836e-05 0 7.305313e-05 7.575881e-05 0 0 0 1.082269e-05 0 8.117015e-06 2.705672e-06 4.870209e-05 2.705672e-06 0.0005032549 2.705672e-06 0 1.89397e-05 1.352836e-05 0.000173163 0.0001379893 0 2.705672e-06 8.117015e-06 1.082269e-05 2.164537e-05 0.0002272764 0.0006926519 0.0008008788 2.164537e-05 0 2.705672e-06 9.740418e-05 0 0 3.78794e-05 2.705672e-06 0.0002299821 0.001079563 0.0002191594 6.223045e-05 0 0 0.0002408048 0
0.0009253397 5.411343e-06 1.623403e-05 0.01755169 0.003996277 0.1101127 0.003087171 0.03984372 0.006455733 0.09127313 0.004521177 0.1437983 0.004580702 0.03150213 0.04644826 0 7.305313e-05 0.0005925421 0.0008928716 0.08318587 8.117015e-06 4.058507e-05 4.599642e-05 0.001038978 2.435104e-05 0.001645048 0.0004004394 0.007570469 0.01732983 8.117015e-06 0.0002597445 0.00560074 5.411343e-06 0.01538715 0.0001839857 0.00541946 0.0002191594 0.04162405 0.0004951379 0.02400472 0.007870799 2.435104e-05 6.764179e-05 0 2.705672e-06 0 4.058507e-05 0 0 4.058507e-05 2.705672e-06 5.411343e-05 2.705672e-05 0 0 0 0 0 0 0 0 0 1.082269e-05 0 0 0 8.658149e-05 2.705672e-06 8.117015e-06 5.411343e-06 7.034746e-05 8.117015e-06 2.705672e-06 0 0 0 5.411343e-06 0 8.117015e-06 0 5.411343e-06 0 0 0 0 0
0.0003923224 0.02508428 0.0002678615 0.0002110424 0.000535723 0.002889657 0.001972435 0.002949182 0.002857189 0.003820408 0.1041413 0.004580702 0.07898397 0.001520587 0.0003057409 0.0001190496 0.002015725 0.003796057 0.01418313 0.001125559 0.0004978436 0.01084433 0.0007305313 0.003027647 0.09528023 0.0364454 0.03860452 0.001561173 0.002040076 0.0003084466 0.01671564 0.01444288 1.352836e-05 0.02302256 0.0009875701 0.03082842 0.1486956 0.117786 0.0260962 0.0002678615 0.003003296 0.03541183 0.0001839857 5.411343e-06 0.0002678615 2.435104e-05 2.705672e-06 0 0 3.78794e-05 1.623403e-05 1.352836e-05 2.705672e-05 0.0009496907 1.623403e-05 0.01046283 7.575881e-05 0 5.411343e-06 3.78794e-05 0.003211632 0.001390715 2.705672e-06 2.705672e-06 2.435104e-05 1.352836e-05 4.058507e-05 0.004193791 0.007064509 0.007067214 4.058507e-05 3.246806e-05 2.435104e-05 0.001493531 0 0 0.0004383188 0.0001136382 0.003003296 0.02589598 0.002259236 0.0004734925 1.352836e-05 2.976239e-05 0.007378367 2.705672e-06
0.03440261 7.305313e-05 0.01360682 0.003133168 0.0001190496 0.04786333 0.1180836 0.08614858 0.001112031 0.0385477 0.001609875 0.03150213 0.001520587 0.08064795 0.004586113 0.0001434006 0.0104006 0.0001866913 0.0006710066 0.009185755 0.004264138 0.00018128 0.03718405 0.03061467 1.623403e-05 0.003279274 0.007462242 0.06073151 0.04515766 0.03536313 0.0001028155 0.003974632 0.002278176 0.01835798 0.0001055212 0.005254414 0.000535723 0.01833634 0.002794959 0.001728924 0.002743551 1.352836e-05 3.246806e-05 0.0001136382 2.705672e-06 1.623403e-05 4.870209e-05 2.705672e-06 0 0.0006493612 4.329075e-05 0.0002191594 5.140776e-05 0 0 0 5.140776e-05 0 9.199284e-05 0 0 0 2.705672e-05 0 3.246806e-05 5.411343e-06 0.001580112 0 2.164537e-05 8.117015e-05 0.0009821588 0.0003571487 7.846448e-05 0 2.705672e-06 3.246806e-05 0.0001488119 0 0.0002868012 1.352836e-05 0.00036256 1.082269e-05 0 1.623403e-05 2.705672e-06 0
0.0006899463 0.0001488119 8.117015e-06 0.002789547 0.03438638 0.05043913 0.0009388681 0.007989848 0.02042512 0.001379893 0.000197514 0.04644826 0.0003057409 0.004586113 0.01620156 2.705672e-06 0.0001866913 4.058507e-05 8.387582e-05 0.01274912 8.117015e-06 0.00169375 2.705672e-05 0.0113557 0.0001190496 0.0006818293 0.0006223045 0.001861502 0.000386911 2.976239e-05 1.082269e-05 0.007608349 0 0.0004843152 8.117015e-06 0.0001190496 3.246806e-05 0.0009009887 3.246806e-05 0.02483807 0.001014627 0 2.705672e-06 2.976239e-05 2.705672e-06 1.082269e-05 1.082269e-05 0 0 6.764179e-05 1.352836e-05 0.0001244609 2.705672e-06 2.705672e-06 0 2.705672e-06 1.352836e-05 0 1.082269e-05 0 0 0 5.411343e-06 0 0 2.705672e-06 0.0003111522 0 5.411343e-06 5.411343e-06 0.000189397 5.140776e-05 1.352836e-05 0 0 5.411343e-06 1.89397e-05 2.705672e-06 6.493612e-05 0 6.764179e-05 0 2.705672e-06 0 0 0
7.575881e-05 0.0004761982 0.00278143 0 2.705672e-06 8.117015e-06 0.0003057409 0.0001921027 0.0002164537 2.435104e-05 0.0001109325 0 0.0001190496 0.0001434006 2.705672e-06 0.01179673 0.001398832 1.082269e-05 0.0001542233 0 0.02045488 0.02932136 0.03957856 0.01776815 2.164537e-05 0.001009216 0.1416527 0.01375022 0.0001515176 0.00723226 2.705672e-06 8.117015e-06 0 0.009237163 0.001861502 0.1184922 0.02031148 0.03537936 0.02616384 8.117015e-05 0.0002678615 0.0001515176 0.000717003 7.034746e-05 0.0002272764 0.0005032549 2.705672e-06 0 2.705672e-06 0.0009253397 5.140776e-05 0.0007602937 2.164537e-05 2.705672e-06 0 2.705672e-06 0.0001055212 5.411343e-06 0.04645097 7.034746e-05 2.705672e-06 3.517373e-05 0 0.001590935 0.01376916 0.003763589 0.01269772 0 6.764179e-05 0.0137881 0.006515257 8.387582e-05 0.0003165636 0 2.705672e-06 1.89397e-05 0.0002245707 1.352836e-05 0.004429184 0.001047095 0.001317662 4.870209e-05 5.411343e-06 8.117015e-06 0 2.976239e-05
0.004937851 0.02722447 0.1092821 6.223045e-05 2.164537e-05 0.0004626698 0.006961693 0.01050612 0.004515766 0.0001515176 0.007873504 7.305313e-05 0.002015725 0.0104006 0.0001866913 0.001398832 0.01462686 0.01457004 0.05375899 3.517373e-05 0.03590426 0.01207541 0.05016586 0.01078481 0.00161258 0.1199154 0.399744 0.004981141 0.005349113 0.03305248 0.0006412442 0.000156929 4.058507e-05 0.03579062 5.411343e-05 0.01329567 0.0161258 0.02296845 0.004697046 8.387582e-05 7.846448e-05 4.329075e-05 2.435104e-05 1.352836e-05 0.002288998 0.005552038 0 0 0 6.493612e-05 2.705672e-06 1.352836e-05 2.705672e-06 3.517373e-05 0 0.0001217552 8.117015e-06 0 8.387582e-05 0.0006601839 7.575881e-05 0.0004951379 0 3.78794e-05 9.740418e-05 0.0001001099 0.0001190496 0.0002516275 0.006139169 0.01056024 8.117015e-05 5.411343e-06 3.517373e-05 2.164537e-05 0 0 0.0005032549 3.517373e-05 0.001252726 0.001547644 0.001336602 0.000173163 2.705672e-05 0 5.411343e-06 0
0.0001163439 0.0004193791 0.000370677 2.435104e-05 3.517373e-05 0.000378794 0.0003571487 0.0003842054 8.387582e-05 0.0006277158 0.04666472 0.0005925421 0.003796057 0.0001866913 4.058507e-05 1.082269e-05 0.01457004 0.001130971 0.02538191 0.0001623403 0.000156929 0.0003111522 0.0002732728 0.0002597445 0.0006006591 0.02623149 0.005679205 0.0002191594 0.0002813898 7.846448e-05 0.0008712263 0.0008847546 5.411343e-06 0.01496236 2.164537e-05 0.004299312 0.01856902 0.06503623 0.005581801 1.082269e-05 0.0002759785 0.0002759785 1.89397e-05 0 5.68191e-05 3.78794e-05 0 0 2.705672e-06 0 0 0 0 2.976239e-05 0 0.0002462161 0 0 5.411343e-06 1.352836e-05 0.0001542233 0.0001109325 0 2.705672e-06 5.411343e-06 0 5.411343e-06 0.0001839857 0.0005627797 0.0006547725 2.705672e-06 2.705672e-06 0 5.68191e-05 0 0 2.435104e-05 2.705672e-06 0.0001163439 0.0001704573 0.0002029254 3.78794e-05 2.705672e-06 0 8.117015e-06 0
0.0002759785 0.009158698 0.007191675 5.140776e-05 3.78794e-05 0.0005546627 0.0009172227 0.001017333 0.001174261 0.0007711164 0.06901898 0.0008928716 0.01418313 0.0006710066 8.387582e-05 0.0001542233 0.05375899 0.02538191 0.0323463 0.0002489218 0.002267353 0.00326304 0.01030049 0.002215945 0.005373464 0.1711094 0.1091928 0.0006710066 0.0006033648 0.001555761 0.003311742 0.001109325 5.411343e-06 0.04591525 4.870209e-05 0.0167427 0.03398324 0.1133135 0.009247986 8.117015e-05 0.000165046 0.0002949182 3.246806e-05 5.411343e-06 0.00145024 0.000882049 0 0 0 4.870209e-05 1.082269e-05 8.117015e-06 0 3.517373e-05 2.705672e-06 0.0005871307 1.623403e-05 0 4.870209e-05 0.0003192693 0.0002570388 0.0007684107 2.705672e-06 2.164537e-05 4.058507e-05 4.058507e-05 6.493612e-05 0.000708886 0.005351818 0.007565058 2.164537e-05 8.117015e-06 2.976239e-05 9.469851e-05 0 0 0.0003246806 1.082269e-05 0.000898283 0.001063329 0.001117442 0.0001839857 8.117015e-06 0 2.976239e-05 5.411343e-06
0.00036256 5.411343e-06 2.705672e-05 0.04327722 0.0007034746 0.01783038 0.009118113 0.01109325 0.03428898 0.08857016 0.001222964 0.08318587 0.001125559 0.009185755 0.01274912 0 3.517373e-05 0.0001623403 0.0002489218 0.01323885 8.117015e-06 0 4.329075e-05 0.00940762 8.117015e-06 0.0004545528 0.0001677516 0.04979518 0.009088351 6.493612e-05 6.223045e-05 0.001607169 4.870209e-05 0.006333977 0.0001352836 0.007164618 0.0001109325 0.02104742 0.001112031 0.01030049 0.002665087 1.623403e-05 6.764179e-05 5.140776e-05 0 5.411343e-06 0.001231081 0 3.517373e-05 0.00114991 8.387582e-05 0.001033567 0.0006980633 5.411343e-06 5.411343e-05 0 0.0001001099 0 5.411343e-06 2.705672e-06 0 2.705672e-06 0.0006358328 0 0 0 0.001902087 0 5.411343e-06 0 0.002140186 0.0002895069 5.411343e-06 0 8.117015e-06 2.435104e-05 7.305313e-05 0 5.952478e-05 0 0.0001406949 5.411343e-06 5.411343e-06 5.411343e-06 0 0
0.004164029 0.0002272764 0.03963268 8.117015e-06 0 0.0001001099 0.02207016 0.003595838 5.68191e-05 4.058507e-05 0.0004247904 8.117015e-06 0.0004978436 0.004264138 8.117015e-06 0.02045488 0.03590426 0.000156929 0.002267353 8.117015e-06 0.09240951 0.004491415 0.3184521 0.003035764 2.164537e-05 0.007156501 0.03474353 0.1214035 0.002759785 0.1026478 3.517373e-05 3.246806e-05 1.623403e-05 0.0675011 0.00497573 0.2140863 0.02396413 0.2171193 0.1061597 0.0001028155 0.001179673 0.0005249003 0.001704573 3.78794e-05 5.140776e-05 0.0001055212 2.705672e-06 0 0 0.0005546627 2.164537e-05 0.0003571487 8.117015e-06 0 0 0 5.68191e-05 2.705672e-06 0.01043578 1.352836e-05 0 1.623403e-05 0 0.0006358328 0.002424282 0.0002110424 0.007286374 0 4.870209e-05 0.0005384287 0.003855582 7.034746e-05 0.0001704573 0 0 8.117015e-06 6.223045e-05 8.117015e-06 0.00054384 0.000173163 0.0002272764 5.411343e-06 5.411343e-06 5.411343e-06 0 0
4.870209e-05 0.04832059 0.0004545528 1.082269e-05 6.493612e-05 2.435104e-05 0.0006683009 0.0002705672 0.08995276 4.058507e-05 0.0004951379 4.058507e-05 0.01084433 0.00018128 0.00169375 0.02932136 0.01207541 0.0003111522 0.00326304 0 0.004491415 0.03731392 0.01008945 0.130895 0.02854484 0.0463238 0.1056132 0.005070429 0.0002840955 0.0006223045 0.001233786 8.117015e-06 5.411343e-06 0.00225653 4.870209e-05 0.007381072 0.002318761 0.01066035 0.00398816 0.0002326878 7.305313e-05 1.082269e-05 2.164537e-05 2.976239e-05 0.000173163 0.0003436203 0 0 0 0.0002976239 2.705672e-05 0.0001596346 2.705672e-06 1.082269e-05 0 4.329075e-05 2.705672e-05 0 0.01298722 5.411343e-05 4.599642e-05 4.599642e-05 0 0.000346326 0.00136907 0.001020038 0.005316645 4.870209e-05 0.0004734925 0.005148893 0.002343112 4.870209e-05 0.0001001099 8.117015e-06 0 0 8.928716e-05 1.082269e-05 0.001493531 0.0004166734 0.0005844251 3.246806e-05 0 0 8.117015e-06 1.082269e-05
0.02179418 0.001385304 0.1556492 0.0001758687 2.705672e-06 0.00145024 0.07246871 0.03900226 0.0003057409 0.0006195988 0.001176967 4.599642e-05 0.0007305313 0.03718405 2.705672e-05 0.03957856 0.05016586 0.0002732728 0.01030049 4.329075e-05 0.3184521 0.01008945 0.2420819 0.02409401 8.658149e-05 0.01143417 0.4882709 0.1189034 0.01681575 0.1751084 6.764179e-05 0.0001921027 0.0001190496 0.08664372 0.005584506 0.244517 0.03498975 0.2090104 0.09334567 0.000386911 0.0007873504 0.0004139678 0.00173163 1.623403e-05 0.0002002197 0.0007711164 1.352836e-05 0 0 0.0002218651 1.623403e-05 0.0001163439 5.411343e-06 2.705672e-06 0 2.705672e-06 3.78794e-05 2.705672e-06 0.0334421 0.0001163439 5.411343e-06 1.89397e-05 2.705672e-06 0.0008360525 0.006904874 0.003728416 0.002215945 1.623403e-05 0.0002678615 0.01939967 0.001047095 9.199284e-05 8.658149e-05 0 0 5.411343e-06 0.0002597445 3.78794e-05 0.004588819 0.001371776 0.001434006 8.658149e-05 1.623403e-05 0 0 1.89397e-05
0.006742534 0.009924404 0.01609063 0.02171843 0.0004816095 0.006772296 0.09167357 0.0383069 0.1049016 0.01017062 0.0008495809 0.001038978 0.003027647 0.03061467 0.0113557 0.01776815 0.01078481 0.0002597445 0.002215945 0.00940762 0.003035764 0.130895 0.02409401 0.07535566 0.004077447 0.03138038 0.146504 0.1106187 0.05807995 0.114109 0.0003165636 0.001133676 0.002134775 0.03141285 0.001525999 0.063448 0.01169391 0.09900864 0.03598543 0.003398324 0.008861075 0.0001677516 0.0007927618 0.002243002 0.0002435104 0.0005898364 0.003985454 1.352836e-05 0.0002029254 0.01598511 0.001577407 0.01244609 0.002727317 0.000173163 9.199284e-05 2.164537e-05 0.002010314 4.058507e-05 0.00481339 0.0001136382 7.846448e-05 7.846448e-05 0.001939967 0.0004004394 0.0008333469 0.0002245707 0.05852638 4.870209e-05 0.0005465457 0.001220258 0.03686207 0.006796647 0.002654264 5.411343e-06 0.0001515176 0.0008117015 0.003184576 1.89397e-05 0.008566156 0.001055212 0.00872038 0.0001596346 0.0001136382 0.0001488119 2.705672e-06 4.058507e-05
8.117015e-06 0.081622 7.305313e-05 5.411343e-06 2.705672e-06 2.705672e-05 3.517373e-05 3.78794e-05 0.005941655 3.246806e-05 0.002911303 2.435104e-05 0.09528023 1.623403e-05 0.0001190496 2.164537e-05 0.00161258 0.0006006591 0.005373464 8.117015e-06 2.164537e-05 0.02854484 8.658149e-05 0.004077447 0.01119877 0.02261941 0.04570691 0.0001163439 1.89397e-05 2.435104e-05 0.00872038 6.493612e-05 0 0.00100651 1.352836e-05 0.001496236 0.01308733 0.01084433 0.0021943 1.082269e-05 1.623403e-05 0.005010904 5.411343e-06 0 0.0003003296 2.164537e-05 0 0 0 5.411343e-05 8.117015e-06 5.411343e-06 2.705672e-05 0.001301428 1.082269e-05 0.01344719 6.223045e-05 0 2.705672e-06 4.870209e-05 0.003119639 0.001926438 1.082269e-05 1.082269e-05 3.78794e-05 4.329075e-05 1.352836e-05 0.004634816 0.009031532 0.008660855 1.623403e-05 1.352836e-05 2.976239e-05 0.001896676 0 0 0.0004302018 2.435104e-05 0.0007927618 0.003698653 0.002757079 0.0005005493 1.082269e-05 0 0.001001099 2.705672e-06
0.0008874603 0.04389141 0.1818238 7.846448e-05 9.469851e-05 0.001325779 0.007021218 0.005608857 0.0176031 0.001642343 0.1282083 0.001645048 0.0364454 0.003279274 0.0006818293 0.001009216 0.1199154 0.02623149 0.1711094 0.0004545528 0.007156501 0.0463238 0.01143417 0.03138038 0.02261941 0.5109282 0.6931904 0.004672695 0.001493531 0.003060115 0.01244068 0.00235664 4.058507e-05 0.05006575 0.0002380991 0.07843742 0.1986964 0.2864035 0.03945952 0.0003923224 0.0006899463 0.00161258 0.0001434006 4.329075e-05 0.006899463 0.007527178 0 0 8.117015e-06 0.0002895069 4.058507e-05 4.058507e-05 4.599642e-05 0.001139088 5.411343e-06 0.009799943 0.0001948084 0 0.0002083367 0.001571995 0.004602347 0.006022825 1.352836e-05 8.387582e-05 0.0002164537 0.0002002197 0.0002678615 0.007510944 0.03231113 0.04215707 0.0001109325 4.599642e-05 0.0002029254 0.001385304 2.705672e-06 5.411343e-06 0.001896676 0.0001596346 0.005389698 0.00850122 0.008939539 0.001737041 8.387582e-05 2.705672e-06 0.000519489 1.352836e-05
0.002832838 0.1271179 0.1511605 0.0001677516 4.329075e-05 0.0008306412 0.02349605 0.01002181 0.02280069 0.0009713361 0.01442664 0.0004004394 0.03860452 0.007462242 0.0006223045 0.1416527 0.399744 0.005679205 0.1091928 0.0001677516 0.03474353 0.1056132 0.4882709 0.146504 0.04570691 0.6931904 0.5179386 0.07999318 0.003530901 0.01475403 0.009012592 0.0006412442 0.0001217552 0.1503921 0.004421067 0.3156842 0.1559847 0.5497925 0.122088 0.001323073 0.0005059606 0.000922634 0.0009632191 8.117015e-05 0.01707279 0.03776035 1.89397e-05 2.705672e-06 8.117015e-06 0.0007738221 8.387582e-05 0.0001082269 5.411343e-05 0.001139088 3.517373e-05 0.01098773 0.000197514 2.705672e-06 0.02001926 0.004220848 0.004937851 0.007248494 8.117015e-06 0.0008306412 0.004534706 0.007970909 0.001279783 0.01146123 0.03700006 0.1968457 0.000882049 0.0001461063 0.0003084466 0.001306839 1.082269e-05 1.623403e-05 0.005768492 0.0002651558 0.0179873 0.01489202 0.02029254 0.002481101 0.0002083367 0 0.0006223045 5.411343e-05
0.01718913 0.0003436203 0.02899398 0.0217536 0.0001542233 0.0421219 0.4821832 0.09236081 0.03810668 0.1116793 0.001201318 0.007570469 0.001561173 0.06073151 0.001861502 0.01375022 0.004981141 0.0002191594 0.0006710066 0.04979518 0.1214035 0.005070429 0.1189034 0.1106187 0.0001163439 0.004672695 0.07999318 0.205723 0.05661888 0.2020406 8.387582e-05 0.001585524 0.003214338 0.05953289 0.002370168 0.0708426 0.01031673 0.1405245 0.04696234 0.00235664 0.008831312 0.0003030352 0.0009442794 0.002259236 0.0001406949 0.0003138579 0.002786842 5.411343e-06 0.0001271666 0.01257326 0.001020038 0.007448714 0.001902087 0.0001109325 0.0001271666 2.705672e-06 0.001553056 3.78794e-05 0.008008788 3.517373e-05 5.411343e-05 3.517373e-05 0.001539527 0.0006791236 0.00145024 0.000205631 0.05746576 2.976239e-05 0.0002326878 0.0007900561 0.03228137 0.005554744 0.003457848 0 0.0001406949 0.000890166 0.002467573 2.435104e-05 0.007981731 0.001136382 0.006861583 0.0002218651 0.0001055212 0.0002137481 5.411343e-06 2.705672e-05
0.04102069 3.78794e-05 0.003141285 0.006336683 0.0001758687 0.009234457 0.0627824 0.01235951 0.001666694 0.03405899 0.002221356 0.01732983 0.002040076 0.04515766 0.000386911 0.0001515176 0.005349113 0.0002813898 0.0006033648 0.009088351 0.002759785 0.0002840955 0.01681575 0.05807995 1.89397e-05 0.001493531 0.003530901 0.05661888 0.2065699 0.09699292 0.0001461063 0.0102545 0.06760391 0.05005222 0.0002516275 0.0106847 0.0002895069 0.07199522 0.003517373 0.002140186 0.008760965 3.78794e-05 0.0001785743 0.0001515176 1.623403e-05 2.435104e-05 7.305313e-05 0 5.411343e-06 0.0008360525 6.493612e-05 0.0002543331 5.140776e-05 8.117015e-06 0 0 0.0001055212 0 6.493612e-05 5.411343e-06 2.705672e-06 0 3.246806e-05 2.705672e-06 1.623403e-05 5.411343e-06 0.002762491 5.411343e-06 2.976239e-05 5.140776e-05 0.00183174 0.0004599642 0.0001677516 0 8.117015e-06 4.599642e-05 0.000205631 0 0.0004843152 3.78794e-05 0.0006466555 1.352836e-05 0 1.082269e-05 0 2.705672e-06
0.03566887 0.0001461063 0.01710255 0.0001758687 0 0.0009009887 0.06887558 0.01921568 0.00283825 0.0004383188 0.0002191594 8.117015e-06 0.0003084466 0.03536313 2.976239e-05 0.00723226 0.03305248 7.846448e-05 0.001555761 6.493612e-05 0.1026478 0.0006223045 0.1751084 0.114109 2.435104e-05 0.003060115 0.01475403 0.2020406 0.09699292 0.1589041 2.705672e-05 0.0001948084 0.0006818293 0.0528553 0.001810094 0.04247634 0.005844251 0.09570502 0.03932153 0.0002840955 0.001577407 0.00018128 0.0004870209 0.0006791236 3.246806e-05 0.0001461063 4.329075e-05 0 5.411343e-06 0.002243002 0.000189397 0.0006872406 5.952478e-05 5.411343e-05 0 2.705672e-06 0.0003896167 0 0.001385304 2.435104e-05 1.352836e-05 2.705672e-05 1.89397e-05 0.000156929 0.0003409146 5.68191e-05 0.01307651 5.411343e-06 0.0001190496 0.0002895069 0.007692224 0.001772215 0.0009469851 0 3.246806e-05 0.0002949182 0.001082269 2.705672e-06 0.002784136 0.0002380991 0.003154813 9.199284e-05 2.976239e-05 5.952478e-05 2.705672e-06 2.705672e-06
3.78794e-05 0.001726218 9.469851e-05 1.082269e-05 8.117015e-06 0.000156929 0.0001109325 0.0001623403 0.0003950281 0.0002435104 0.02218651 0.0002597445 0.01671564 0.0001028155 1.082269e-05 2.705672e-06 0.0006412442 0.0008712263 0.003311742 6.223045e-05 3.517373e-05 0.001233786 6.764179e-05 0.0003165636 0.00872038 0.01244068 0.009012592 8.387582e-05 0.0001461063 2.705672e-05 0.0008333469 0.0005167833 2.705672e-06 0.003468671 0 0.00227547 0.01684822 0.02231909 0.002889657 1.082269e-05 0.0002678615 0.0004220848 0 0 5.952478e-05 5.411343e-06 0 0 0 1.082269e-05 0 2.705672e-06 5.411343e-06 0.0002191594 0 0.00189397 1.623403e-05 0 0 5.411343e-06 0.0007819391 0.0003273863 0 0 5.411343e-06 8.117015e-06 2.705672e-06 0.0008008788 0.001747864 0.001783038 5.411343e-06 0 1.352836e-05 0.0003814997 0 0 7.846448e-05 0 0.0001596346 0.001342013 0.0004626698 0.000165046 0 0 0.0001001099 0
0.000568191 2.705672e-05 0.0001677516 0.0003760884 0.000156929 0.005652148 0.003003296 0.00270026 6.764179e-05 0.00501361 0.008041256 0.00560074 0.01444288 0.003974632 0.007608349 8.117015e-06 0.000156929 0.0008847546 0.001109325 0.001607169 3.246806e-05 8.117015e-06 0.0001921027 0.001133676 6.493612e-05 0.00235664 0.0006412442 0.001585524 0.0102545 0.0001948084 0.0005167833 0.0002949182 0.0001271666 0.03586097 3.246806e-05 0.005441106 0.0002949182 0.03881827 0.0003192693 0.01090386 0.05095862 4.329075e-05 2.164537e-05 5.411343e-06 0 2.705672e-06 2.705672e-06 0 0 2.435104e-05 0 1.623403e-05 2.705672e-06 0 0 0 0 0 2.705672e-06 2.705672e-06 0 2.705672e-06 0 0 0 0 7.034746e-05 2.705672e-06 1.082269e-05 1.082269e-05 4.329075e-05 2.705672e-06 0 2.705672e-06 0 0 8.117015e-06 0 2.435104e-05 2.705672e-06 1.623403e-05 0 0 0 0 0
2.164537e-05 0 0.0001190496 0.0001109325 0 8.117015e-05 0.001333896 0.0007197087 8.928716e-05 0.000165046 2.976239e-05 5.411343e-06 1.352836e-05 0.002278176 0 0 4.058507e-05 5.411343e-06 5.411343e-06 4.870209e-05 1.623403e-05 5.411343e-06 0.0001190496 0.002134775 0 4.058507e-05 0.0001217552 0.003214338 0.06760391 0.0006818293 2.705672e-06 0.0001271666 0.0006195988 0.002589328 1.89397e-05 0.0001434006 1.623403e-05 0.01083621 0.0002597445 3.246806e-05 0.0001704573 0 8.117015e-06 5.411343e-06 0 2.705672e-06 0 0 0 2.976239e-05 0 1.352836e-05 0 0 0 0 2.705672e-06 0 0 0 2.705672e-06 0 0 0 0 0 9.740418e-05 0 0 2.705672e-06 6.223045e-05 2.164537e-05 2.705672e-06 0 0 5.411343e-06 8.117015e-06 0 1.082269e-05 2.705672e-06 2.435104e-05 0 0 0 0 0
0.01083621 0.004567174 0.03685395 0.002857189 0.001030861 0.008368642 0.03066879 0.01803871 0.001415066 0.02244084 0.08597272 0.01538715 0.02302256 0.01835798 0.0004843152 0.009237163 0.03579062 0.01496236 0.04591525 0.006333977 0.0675011 0.00225653 0.08664372 0.03141285 0.00100651 0.05006575 0.1503921 0.05953289 0.05005222 0.0528553 0.003468671 0.03586097 0.002589328 0.08168964 0.0001785743 0.006739828 0.005554744 0.1261032 0.00755153 0.0002705672 0.001095797 0.0001271666 5.68191e-05 5.952478e-05 0.0004329075 0.001255432 4.329075e-05 0 2.705672e-06 0.0005249003 3.517373e-05 0.0001596346 3.78794e-05 8.117015e-06 0 7.846448e-05 7.305313e-05 0 0.0005465457 0.0001542233 4.329075e-05 6.764179e-05 2.164537e-05 4.870209e-05 0.0001217552 0.0001866913 0.001136382 6.493612e-05 0.0006601839 0.004410245 0.0008739319 0.0002516275 4.870209e-05 0 2.705672e-06 3.78794e-05 0.000197514 5.411343e-06 0.000551957 0.000338209 0.0006385385 4.058507e-05 2.705672e-06 2.705672e-06 2.705672e-06 5.411343e-06
3.246806e-05 2.435104e-05 0.0002651558 6.493612e-05 0 5.952478e-05 0.000386911 0.000165046 1.89397e-05 0.0001623403 5.140776e-05 0.0001839857 0.0009875701 0.0001055212 8.117015e-06 0.001861502 5.411343e-05 2.164537e-05 4.870209e-05 0.0001352836 0.00497573 4.870209e-05 0.005584506 0.001525999 1.352836e-05 0.0002380991 0.004421067 0.002370168 0.0002516275 0.001810094 0 3.246806e-05 1.89397e-05 0.0001785743 0.3135765 0.1494153 0.002197005 0.008834018 0.0446057 0.0002624501 0.0004599642 0.001907498 0.001945378 0 8.117015e-06 3.78794e-05 2.705672e-06 0 0 2.705672e-06 0 2.705672e-06 0 1.082269e-05 0 2.435104e-05 0 0 0.0001136382 8.117015e-06 1.082269e-05 3.246806e-05 2.705672e-06 0 3.78794e-05 1.89397e-05 4.058507e-05 5.411343e-06 6.223045e-05 0.0004951379 2.976239e-05 0 5.411343e-06 0 0 2.705672e-06 8.387582e-05 0.3324594 0.002529803 0.0002191594 0.001636931 0.0031007 5.411343e-06 8.117015e-06 9.469851e-05 0.0001271666
0.002302527 0.01113113 0.03570134 0.006704654 0.0001488119 0.004182968 0.03414828 0.009080234 0.003254923 0.02130716 0.00668842 0.00541946 0.03082842 0.005254414 0.0001190496 0.1184922 0.01329567 0.004299312 0.0167427 0.007164618 0.2140863 0.007381072 0.244517 0.063448 0.001496236 0.07843742 0.3156842 0.0708426 0.0106847 0.04247634 0.00227547 0.005441106 0.0001434006 0.006739828 0.1494153 0.1162113 0.6022636 0.1408004 0.1010244 0.08928175 0.02952699 0.05752799 0.01203212 0.000173163 0.001133676 0.003322565 4.599642e-05 0 5.411343e-06 0.0008928716 5.952478e-05 0.0002868012 7.305313e-05 3.78794e-05 2.705672e-06 7.846448e-05 9.199284e-05 0 0.006085055 0.0003436203 6.223045e-05 0.0001488119 3.78794e-05 0.000197514 0.001328485 0.0009091057 0.002448633 0.0001244609 0.002042782 0.01464851 0.001726218 0.0005005493 0.0001109325 5.411343e-06 8.117015e-06 5.952478e-05 0.0005898364 0.001829034 0.003977337 0.001128265 0.001747864 0.0003652657 3.246806e-05 3.78794e-05 7.575881e-05 7.846448e-05
0.0001921027 0.009542904 0.004380482 4.599642e-05 1.89397e-05 0.0001406949 0.001507059 0.0006845349 0.0007197087 0.0004707869 0.03619106 0.0002191594 0.1486956 0.000535723 3.246806e-05 0.02031148 0.0161258 0.01856902 0.03398324 0.0001109325 0.02396413 0.002318761 0.03498975 0.01169391 0.01308733 0.1986964 0.1559847 0.01031673 0.0002895069 0.005844251 0.01684822 0.0002949182 1.623403e-05 0.005554744 0.002197005 0.6022636 0.1671429 0.09603781 0.04333945 0.004207319 0.0009496907 0.003961103 0.001536821 1.89397e-05 0.0008062901 0.001480002 0 0 0 3.246806e-05 2.705672e-06 8.117015e-06 2.705672e-06 5.140776e-05 0 0.001158027 5.411343e-06 2.705672e-06 0.001615286 0.0002002197 0.000205631 0.0002976239 0 4.599642e-05 0.0003111522 0.0002353934 0.0002597445 0.0004085564 0.002372874 0.006020119 0.000165046 2.435104e-05 1.89397e-05 6.493612e-05 0 5.411343e-06 0.0002029254 0.0001001099 0.007391895 0.00654502 0.0007278257 8.928716e-05 8.117015e-06 0 0.0007467654 5.411343e-06
0.01215929 0.01888018 0.08652738 0.01224046 0.001428595 0.01861232 0.08335904 0.02588245 0.006377268 0.06980633 0.1485928 0.04162405 0.117786 0.01833634 0.0009009887 0.03537936 0.02296845 0.06503623 0.1133135 0.02104742 0.2171193 0.01066035 0.2090104 0.09900864 0.01084433 0.2864035 0.5497925 0.1405245 0.07199522 0.09570502 0.02231909 0.03881827 0.01083621 0.1261032 0.008834018 0.1408004 0.09603781 0.154456 0.05768492 0.001523293 0.008065607 0.01049259 0.002521686 0.0002705672 0.001804683 0.004872915 0.0001488119 0 2.705672e-06 0.002042782 0.0001244609 0.000551957 0.0001217552 5.952478e-05 5.411343e-06 0.0005221946 0.0001839857 0 0.001991374 0.0005736024 0.0001866913 0.0003327976 6.493612e-05 7.575881e-05 0.0004031451 0.0007197087 0.003666185 0.0003517373 0.003474082 0.01606357 0.00300059 0.0009361624 0.0001704573 8.117015e-05 1.082269e-05 0.0001542233 0.000882049 0.000189397 0.003541724 0.001536821 0.002353934 0.0002353934 3.517373e-05 4.058507e-05 7.846448e-05 1.352836e-05
0.0009659248 0.004937851 0.01161274 0.001425889 1.89397e-05 0.0005925421 0.01084704 0.003636423 0.001655871 0.002665087 0.01796837 0.0004951379 0.0260962 0.002794959 3.246806e-05 0.02616384 0.004697046 0.005581801 0.009247986 0.001112031 0.1061597 0.00398816 0.09334567 0.03598543 0.0021943 0.03945952 0.122088 0.04696234 0.003517373 0.03932153 0.002889657 0.0003192693 0.0002597445 0.00755153 0.0446057 0.1010244 0.04333945 0.05768492 0.01184814 0.0006845349 0.001850679 0.005151599 0.001333896 4.599642e-05 0.0004978436 0.001428595 2.435104e-05 0 0 0.0004139678 1.623403e-05 0.0001217552 1.623403e-05 1.352836e-05 0 4.329075e-05 4.870209e-05 0 0.001236492 0.0001515176 2.435104e-05 6.223045e-05 2.705672e-06 4.599642e-05 0.0002489218 0.000173163 0.001084974 6.223045e-05 0.0009496907 0.00354443 0.0006845349 0.000189397 0.0001136382 5.411343e-06 2.705672e-06 4.058507e-05 0.0002624501 0.001385304 0.001306839 0.0002976239 0.0006060704 0.0001271666 5.411343e-06 3.517373e-05 1.89397e-05 8.117015e-06
0.0002272764 4.870209e-05 0.00018128 0.001258137 0.01771674 0.01359059 0.002440516 0.006317743 0.004837741 0.00326304 0.000156929 0.02400472 0.0002678615 0.001728924 0.02483807 8.117015e-05 8.387582e-05 1.082269e-05 8.117015e-05 0.01030049 0.0001028155 0.0002326878 0.000386911 0.003398324 1.082269e-05 0.0003923224 0.001323073 0.00235664 0.002140186 0.0002840955 1.082269e-05 0.01090386 3.246806e-05 0.0002705672 0.0002624501 0.08928175 0.004207319 0.001523293 0.0006845349 0.009875701 0.0006195988 0.00018128 0.0001163439 1.89397e-05 8.117015e-06 1.89397e-05 8.117015e-06 0 0 0.0001028155 2.705672e-06 2.976239e-05 8.117015e-06 0 0 0 2.705672e-06 0 2.164537e-05 0 0 0 8.117015e-06 0 8.117015e-06 2.705672e-06 0.0001623403 0 8.117015e-06 0.0001001099 0.0001434006 3.517373e-05 5.411343e-06 0 0 8.117015e-06 1.082269e-05 5.411343e-06 3.78794e-05 0 3.517373e-05 5.411343e-06 0 8.117015e-06 0 2.705672e-06
0.0006628895 1.352836e-05 0.0001461063 0.001663988 0.0008955773 0.006166226 0.007887033 0.004421067 0.0003760884 0.008430873 0.003346916 0.007870799 0.003003296 0.002743551 0.001014627 0.0002678615 7.846448e-05 0.0002759785 0.000165046 0.002665087 0.001179673 7.305313e-05 0.0007873504 0.008861075 1.623403e-05 0.0006899463 0.0005059606 0.008831312 0.008760965 0.001577407 0.0002678615 0.05095862 0.0001704573 0.001095797 0.0004599642 0.02952699 0.0009496907 0.008065607 0.001850679 0.0006195988 3.246806e-05 0.0002435104 0.000189397 3.246806e-05 0 2.705672e-06 2.435104e-05 2.705672e-06 0 0.0002570388 2.435104e-05 7.575881e-05 8.117015e-06 2.705672e-06 2.705672e-06 2.705672e-06 2.705672e-05 2.705672e-06 5.411343e-06 0 0 0 1.623403e-05 0 2.705672e-06 0 0.0005059606 2.705672e-06 5.411343e-06 2.164537e-05 0.0003760884 0.0001379893 3.517373e-05 0 0 1.082269e-05 3.517373e-05 1.352836e-05 0.00018128 2.705672e-06 0.0001461063 5.411343e-06 0 5.411343e-06 2.705672e-06 0
1.623403e-05 0.0001866913 4.599642e-05 1.623403e-05 0 2.164537e-05 8.117015e-05 2.435104e-05 5.411343e-06 3.246806e-05 0.004916205 2.435104e-05 0.03541183 1.352836e-05 0 0.0001515176 4.329075e-05 0.0002759785 0.0002949182 1.623403e-05 0.0005249003 1.082269e-05 0.0004139678 0.0001677516 0.005010904 0.00161258 0.000922634 0.0003030352 3.78794e-05 0.00018128 0.0004220848 4.329075e-05 0 0.0001271666 0.001907498 0.05752799 0.003961103 0.01049259 0.005151599 0.00018128 0.0002435104 0.0001866913 0.0004356131 0 0 0 0 0 0 0 0 0 0 5.411343e-06 0 3.78794e-05 0 0 5.411343e-06 0 1.623403e-05 2.705672e-06 0 0 0 2.705672e-06 2.705672e-06 5.411343e-06 1.89397e-05 2.435104e-05 0 0 0 2.705672e-06 0 0 8.117015e-06 0.0001839857 0.003944869 0.0001271666 3.517373e-05 1.082269e-05 2.705672e-06 2.705672e-06 4.329075e-05 0
