0.0204219 0 0.00117396 2.225517e-05 3.060086e-05 0.0004896138 0.0854237 0.005029669 3.894655e-05 0.001930636 0.0005174328 3.894655e-05 2.225517e-05 0.07871098 0 4.172845e-05 0.01060181 3.894655e-05 0.001841616 0.0001363129 0.003279856 5.563793e-06 0.003349403 0.001062684 0 0.002601073 0.001352002 0.006417835 0.05903184 0.06982004 2.781897e-05 0.0002002966 0.0004005931 0.005789127 2.781897e-06 0.000456231 0.000214206 0.002025221 0.0001112759 5.563793e-05 4.172845e-05 0 8.34569e-06 5.563793e-06 2.781897e-06 0 2.781897e-06 0 0 3.338276e-05 2.781897e-06 2.225517e-05 5.563793e-06 0 0 0 1.112759e-05 0 1.669138e-05 0 0 0 0 3.060086e-05 8.34569e-06 0 0.0002503707 0 2.781897e-06 1.112759e-05 0.0003811198 2.781897e-06 1.112759e-05 0 0 5.563793e-06 2.781897e-06 0 2.503707e-05 0 1.947328e-05 0 5.563793e-06 2.781897e-06 0 2.781897e-06
0 0.004617948 0.005188237 2.781897e-06 0.0001752595 1.112759e-05 5.563793e-05 5.563793e-06 0.01775685 5.563793e-06 0.0003115724 0.0001001483 0.002996103 2.781897e-06 0.00101261 0.00171643 0.0001808233 0.0001975147 0.0001446586 2.781897e-06 0.0002754078 0.0917386 7.78931e-05 0.04696954 0.02616652 0.004476072 0.02425814 0.001229598 1.669138e-05 0.0002781897 0.000108494 5.563793e-06 0 0.0007316388 0 0.0004172845 0.0008818612 0.001660792 5.563793e-05 0.0006008897 2.781897e-06 0.001485533 2.781897e-06 2.781897e-06 0.0004979595 0.0003449552 0 0 0 8.34569e-06 0 8.34569e-06 0 2.225517e-05 0 0.0001669138 0 0 0.0001863871 0.0005063052 4.172845e-05 0.000564725 0 5.563793e-06 0.0006120172 0.0001446586 0.0001502224 0.0003227 0.001107195 0.01694453 6.120172e-05 5.563793e-06 8.34569e-06 3.616465e-05 0 0 0.0001947328 0 3.338276e-05 0.0001418767 3.338276e-05 5.563793e-06 2.781897e-06 0 6.120172e-05 0
0.00117396 0.005188237 0.01369249 8.34569e-06 7.232931e-05 0.001332528 0.1269435 0.01146141 2.781897e-05 0.00522162 0.0008095319 3.060086e-05 2.781897e-05 0.01249906 8.34569e-06 0.000403375 0.01570659 5.563793e-05 0.0006008897 3.894655e-05 0.01526705 0.0004061569 0.1164112 0.001346438 2.225517e-05 0.0601446 0.0764799 0.0267535 0.003794507 0.005455299 2.503707e-05 0.0003616465 6.398362e-05 0.01173126 0.0001057121 0.03847919 0.1526454 0.01958733 0.0009847914 0.0001836052 0.0001307491 3.894655e-05 8.0675e-05 2.781897e-06 0.01674424 0.01523088 0 0 8.34569e-06 0.000403375 4.172845e-05 4.172845e-05 5.563793e-06 6.954741e-05 0 0.000214206 4.729224e-05 5.563793e-06 0.007530594 0.007427664 0.0001057121 0.001582899 0 0.0002169879 0.01155322 0.004350886 0.0008262233 0.0007205112 0.01167006 0.2245352 0.0009514086 1.112759e-05 2.503707e-05 6.954741e-05 2.781897e-06 5.563793e-06 0.001352002 2.781897e-06 0.001571772 0.003296547 0.000456231 6.676552e-05 6.676552e-05 2.781897e-06 7.511121e-05 5.563793e-06
2.225517e-05 2.781897e-06 8.34569e-06 0.02992208 0.0001947328 0.000940281 0.0004089388 0.0007705853 0.01125555 0.01671642 0.0002169879 0.04238498 5.563793e-06 0.002061385 0.001226816 0 1.947328e-05 8.34569e-06 2.225517e-05 0.05009917 0 1.112759e-05 1.112759e-05 0.01779301 2.781897e-06 6.120172e-05 1.947328e-05 0.06533006 0.002623328 3.894655e-05 2.781897e-06 0.0002893172 3.338276e-05 0.001054339 2.225517e-05 0.002434159 2.225517e-05 0.003880746 0.0003533009 0.003641503 0.0002475888 0 3.616465e-05 1.390948e-05 0 2.503707e-05 0.0006008897 2.781897e-06 0.0001780414 0.0008846431 0.0002002966 0.00167192 0.000753894 0 0.0001752595 0 8.34569e-05 1.390948e-05 2.781897e-06 5.563793e-06 0 0 0.0001140578 0 0 0 0.004317503 0 2.781897e-06 8.34569e-06 0.006543021 0.0001530043 2.781897e-06 0 0 1.390948e-05 7.232931e-05 0 0.0002475888 2.781897e-06 0.0002531526 0 0.0003950293 3.894655e-05 0 5.563793e-06
3.060086e-05 0.0001752595 7.232931e-05 0.0001947328 3.616465e-05 0.0113251 0.0009903552 0.01110533 0.007121655 0.003160234 0.0004200664 0.006568058 3.894655e-05 0.000511869 0.02068062 0 0.000242025 8.34569e-06 5.007414e-05 0.001644101 5.563793e-06 0.0003087905 5.285603e-05 0.002737386 0.0001112759 0.000189169 0.0001502224 0.0004284121 0.00048405 0.0001696957 5.563793e-06 0.0001307491 2.781897e-06 0.003416169 0 0.0008902069 2.225517e-05 0.002080859 0.0001196216 0.04097455 0.003822326 5.563793e-06 8.34569e-06 0 0 0 1.112759e-05 0 0 1.947328e-05 5.563793e-06 9.180259e-05 2.225517e-05 0 2.781897e-06 0 0 0 0 0 0 0 2.781897e-06 8.34569e-06 1.947328e-05 0 0.0002225517 0 0 5.563793e-06 0.0002225517 1.390948e-05 5.563793e-06 0 0 0 0 0 5.563793e-06 0 1.112759e-05 0 5.563793e-06 0 0 0
0.0004896138 1.112759e-05 0.001332528 0.000940281 0.0113251 0.1887155 0.03963924 0.1283178 0.001048775 0.2292867 0.00397533 0.06187772 0.0001780414 0.02602464 0.01946771 2.225517e-05 0.002384085 0.0003366095 0.0005285603 0.01536441 0.0001224034 3.894655e-05 0.0005841983 0.002389649 1.669138e-05 0.002461978 0.0005702888 0.01108308 0.01938426 0.001499442 9.458448e-05 0.02663388 0.0002225517 0.01147254 3.616465e-05 0.009366646 0.000269844 0.02028281 0.001785978 0.04499439 0.01394008 4.172845e-05 0.0001251853 0 0 0 4.451034e-05 0 8.34569e-06 9.180259e-05 2.225517e-05 0.0001724776 7.511121e-05 0 2.781897e-06 0 1.669138e-05 0 1.112759e-05 0 0 0 1.669138e-05 5.563793e-06 0 0 0.0006620914 0 8.34569e-06 1.112759e-05 0.001101631 4.172845e-05 0 0 0 1.112759e-05 1.947328e-05 0 5.285603e-05 0 4.172845e-05 0 4.172845e-05 2.225517e-05 0 0
0.0854237 5.563793e-05 0.1269435 0.0004089388 0.0009903552 0.03963924 0.2405228 0.1795603 0.003104597 0.1771929 0.00397533 0.0006203629 0.0002670621 0.3319275 0.0001863871 0.001799887 0.06122954 0.0006565276 0.006370543 0.0008762974 0.03163295 0.0001836052 0.1004237 0.02463369 8.0675e-05 0.09331594 0.01006212 0.3644952 0.1399238 0.07372304 0.0003227 0.004921175 0.005285603 0.02202984 0.0008178776 0.05514832 0.005344023 0.07338921 0.01232658 0.004715315 0.003538572 2.781897e-05 0.0009875733 0.0001808233 4.172845e-05 6.954741e-05 0.0002225517 2.781897e-06 0.0001168397 0.001785978 0.000269844 0.001822142 0.0006064534 1.112759e-05 3.060086e-05 2.225517e-05 0.0002281155 2.781897e-05 0.0007900586 3.338276e-05 5.563793e-06 3.060086e-05 7.511121e-05 0.0006036715 0.0002587164 0.0001669138 0.01476074 1.947328e-05 9.736638e-05 0.0006815646 0.02221344 0.0007733672 0.0002281155 2.781897e-06 2.781897e-06 0.0001251853 0.0003171362 8.34569e-06 0.002105896 4.172845e-05 0.001229598 8.34569e-06 0.0003533009 0.0002030784 0 1.947328e-05
0.005029669 5.563793e-06 0.01146141 0.0007705853 0.01110533 0.1283178 0.1795603 0.2268303 0.0001863871 0.1007492 0.00553041 0.01136127 0.0002670621 0.1349665 0.00398924 0.000214206 0.03582805 0.0005202147 0.005961604 0.008256669 0.002219953 3.894655e-05 0.008059154 0.001655228 2.225517e-05 0.02202149 0.006648733 0.011709 0.03109326 0.03271232 0.00016135 0.0281667 0.0005619431 0.01624071 4.451034e-05 0.008381854 0.0009792276 0.01991003 0.002061385 0.01744806 0.00778931 3.616465e-05 0.0001224034 2.781897e-06 2.781897e-06 0 1.669138e-05 0 0 9.180259e-05 5.563793e-06 5.285603e-05 3.338276e-05 2.781897e-06 8.34569e-06 5.563793e-06 2.781897e-06 0 1.390948e-05 1.112759e-05 5.563793e-06 1.112759e-05 2.781897e-06 1.112759e-05 8.34569e-06 0 0.0006926922 2.781897e-06 3.060086e-05 4.451034e-05 0.001040429 2.225517e-05 1.112759e-05 0 0 5.563793e-06 2.503707e-05 0 0.0001390948 8.34569e-06 5.285603e-05 0 2.225517e-05 1.390948e-05 0 0
3.894655e-05 0.01775685 2.781897e-05 0.01125555 0.007121655 0.001048775 0.003104597 0.0001863871 0.004832154 0.01086887 6.954741e-05 0.008737937 0.0006537457 0.0004145026 0.02155135 0.005627777 0.0001196216 3.894655e-05 5.841983e-05 0.01063519 0.003165798 0.03500739 0.0002754078 0.1740994 0.01069083 0.0006231448 0.007981261 0.04274662 0.001051557 0.003238128 2.225517e-05 7.232931e-05 5.841983e-05 0.0002281155 5.563793e-06 0.001048775 0.0001975147 0.0008011862 0.0001780414 0.006089572 5.563793e-05 0.0001446586 1.390948e-05 0.0002086422 1.947328e-05 2.225517e-05 0.0002809715 2.781897e-06 0.000108494 0.001185088 0.0002448069 0.002047476 0.000403375 8.34569e-06 0.0001279672 0 0.000269844 9.736638e-05 0.003338276 1.390948e-05 0 8.34569e-06 5.841983e-05 0.002395213 0.001045993 0.0001251853 0.03855709 1.669138e-05 1.669138e-05 7.78931e-05 0.02257231 0.0005535974 0.00080675 2.781897e-06 5.563793e-06 6.954741e-05 0.0001836052 0 0.001051557 1.947328e-05 0.0005202147 1.112759e-05 0.0002754078 7.78931e-05 5.563793e-06 1.390948e-05
0.001930636 5.563793e-06 0.00522162 0.01671642 0.003160234 0.2292867 0.1771929 0.1007492 0.01086887 0.3764017 0.009252588 0.09642888 0.0003087905 0.1129422 0.002014093 8.623879e-05 0.003644284 0.0008818612 0.001226816 0.04020119 0.0002281155 1.947328e-05 0.001822142 0.01974034 2.225517e-05 0.007767055 0.001004265 0.0863918 0.1046661 0.001488315 0.0001446586 0.01529765 0.00123238 0.03472085 0.000269844 0.04336699 0.001018174 0.09815644 0.008907633 0.01934809 0.009650399 5.841983e-05 0.0007705853 5.563793e-05 5.563793e-06 3.616465e-05 0.0009764457 2.781897e-06 0.000294881 0.002306192 0.0005675069 0.003407823 0.001677484 8.34569e-06 0.0001001483 2.781897e-06 0.000242025 1.390948e-05 4.729224e-05 2.781897e-06 0 5.563793e-06 0.0002754078 5.285603e-05 2.503707e-05 1.390948e-05 0.01180915 1.112759e-05 2.503707e-05 9.458448e-05 0.01827428 0.000403375 1.669138e-05 2.781897e-06 5.563793e-06 4.729224e-05 0.000189169 5.563793e-06 0.0008540422 1.669138e-05 0.000726075 0 0.0006843465 0.000108494 0 1.112759e-05
0.0005174328 0.0003115724 0.0008095319 0.0002169879 0.0004200664 0.00397533 0.00397533 0.00553041 6.954741e-05 0.009252588 0.1167534 0.003538572 0.02938239 0.007419318 0.0005007414 0.0005229965 0.004545619 0.02981915 0.01153652 0.00269844 0.004058787 0.0002893172 0.007024289 0.0004896138 0.007063235 0.05287273 0.01940651 0.001660792 0.01046828 0.001224034 0.009444539 0.006303778 0.0001029302 0.08852273 0.0001390948 0.01438797 0.1203448 0.2116411 0.03648179 0.002779115 0.003257601 0.01640484 3.616465e-05 2.781897e-06 5.563793e-05 0 0 0 0 5.563793e-06 0 8.34569e-06 2.781897e-06 0.002372958 2.781897e-06 0.007271878 0 0 1.669138e-05 1.112759e-05 0.0006815646 0.0001585681 0 5.563793e-06 2.225517e-05 0 0.0001029302 0.002342357 0.002690094 0.002222735 8.902069e-05 0 2.781897e-06 0.0007511121 0 0 6.676552e-05 5.563793e-06 0.0001390948 0.01345325 0.000133531 2.503707e-05 2.781897e-06 2.781897e-06 0.001683047 0
3.894655e-05 0.0001001483 3.060086e-05 0.04238498 0.006568058 0.06187772 0.0006203629 0.01136127 0.008737937 0.09642888 0.003538572 0.07988494 0.0001279672 0.01609049 0.02649478 0 9.736638e-05 0.0003254819 0.0003477371 0.08747952 1.112759e-05 0.0001975147 2.225517e-05 0.004156153 8.34569e-05 0.0004590129 0.0002197698 0.03127408 0.0146912 0.0001363129 4.172845e-05 0.00704098 1.390948e-05 0.01057677 8.34569e-06 0.006929704 0.0001502224 0.01964854 0.0006509638 0.04012886 0.004247956 1.112759e-05 5.841983e-05 2.781897e-06 0 2.781897e-06 0.0002559345 0 4.172845e-05 0.0002448069 6.120172e-05 0.0006843465 0.0003839017 2.781897e-06 0.0001029302 8.34569e-06 3.060086e-05 8.34569e-06 0 0 0 0 6.954741e-05 1.112759e-05 1.112759e-05 2.781897e-06 0.001415985 0 2.781897e-06 1.669138e-05 0.001911163 5.285603e-05 0 0 0 0 1.669138e-05 0 8.623879e-05 2.781897e-06 6.954741e-05 0 0.0002531526 1.947328e-05 0 2.781897e-06
2.225517e-05 0.002996103 2.781897e-05 5.563793e-06 3.894655e-05 0.0001780414 0.0002670621 0.0002670621 0.0006537457 0.0003087905 0.02938239 0.0001279672 0.0813204 0.0003004448 6.676552e-05 0.0001029302 7.511121e-05 0.005185455 0.0007288569 9.736638e-05 5.841983e-05 0.002976629 0.000133531 0.001404858 0.07985434 0.01191764 0.04466335 0.0001669138 0.0003087905 4.451034e-05 0.01451315 0.0002642802 0 0.00915244 0.0001780414 0.005783563 0.1473265 0.03679336 0.004701405 0.0001975147 0.0003004448 0.02961885 1.947328e-05 0 0.0002920991 5.563793e-06 0 0 0 2.781897e-06 0 0 5.563793e-06 0.007608487 0 0.0265532 0 0 2.781897e-06 3.060086e-05 0.001908381 0.0006147991 0 2.781897e-06 3.616465e-05 2.781897e-06 1.947328e-05 0.01209569 0.008707336 0.008164866 1.390948e-05 0 2.781897e-06 0.002425814 0 0 0.0002754078 2.781897e-06 0.0001696957 0.03948068 0.0004896138 9.736638e-05 5.563793e-06 0 0.005577703 2.781897e-06
0.07871098 2.781897e-06 0.01249906 0.002061385 0.000511869 0.02602464 0.3319275 0.1349665 0.0004145026 0.1129422 0.007419318 0.01609049 0.0003004448 0.1700518 0.001619064 0.0002781897 0.07693891 0.0006565276 0.01402354 0.01993229 0.007850512 5.841983e-05 0.01537554 0.00683512 2.503707e-05 0.02882601 0.01325017 0.0507251 0.106057 0.1510375 0.0003533009 0.01064075 0.0006287086 0.03844025 5.841983e-05 0.00721624 0.001543953 0.02246938 0.001646883 0.008968834 0.004234047 2.225517e-05 9.458448e-05 1.390948e-05 8.34569e-06 2.781897e-06 2.781897e-05 0 5.563793e-06 0.0002169879 1.947328e-05 0.0002058603 3.894655e-05 2.781897e-06 5.563793e-06 1.112759e-05 3.338276e-05 0 5.007414e-05 5.563793e-06 1.112759e-05 1.112759e-05 0 8.902069e-05 1.112759e-05 2.781897e-06 0.001680266 2.781897e-06 3.060086e-05 6.398362e-05 0.002473106 6.676552e-05 1.112759e-05 0 0 1.947328e-05 4.451034e-05 2.781897e-06 0.0002197698 1.669138e-05 0.0001390948 0 3.894655e-05 2.503707e-05 0 8.34569e-06
0 0.00101261 8.34569e-06 0.001226816 0.02068062 0.01946771 0.0001863871 0.00398924 0.02155135 0.002014093 0.0005007414 0.02649478 6.676552e-05 0.001619064 0.01209847 8.34569e-06 3.894655e-05 2.781897e-05 5.007414e-05 0.008482003 0 0.002250554 2.781897e-06 0.02011589 0.0007205112 7.78931e-05 0.0006926922 0.001827706 0.001324183 1.947328e-05 2.781897e-06 0.005154854 0 0.00108494 0 0.0009013345 2.781897e-05 0.001627409 0.0001029302 0.02194082 0.001176742 1.390948e-05 1.947328e-05 1.112759e-05 0 2.781897e-06 9.180259e-05 0 2.781897e-05 0.000133531 5.285603e-05 0.0006259267 0.0001307491 5.563793e-06 5.563793e-06 0 1.947328e-05 0 3.338276e-05 2.781897e-06 0 0 2.503707e-05 5.841983e-05 7.232931e-05 0 0.00151057 0 2.781897e-06 5.563793e-06 0.001343656 3.060086e-05 8.34569e-06 0 0 8.34569e-06 1.112759e-05 0 8.34569e-05 2.781897e-06 4.172845e-05 0 0.0001530043 2.781897e-06 0 0
4.172845e-05 0.00171643 0.000403375 0 0 2.225517e-05 0.001799887 0.000214206 0.005627777 8.623879e-05 0.0005229965 0 0.0001029302 0.0002781897 8.34569e-06 0.01515855 0.009113493 3.616465e-05 0.0008762974 0 0.03334381 0.01693897 0.02812776 0.03241744 0.0004729224 0.01262981 0.0429497 0.02264186 0.001646883 0.00544139 7.232931e-05 8.34569e-06 0.0002308974 0.00796457 0.0003727741 0.068596 0.03528836 0.02622216 0.004348104 0.0005869802 1.947328e-05 1.947328e-05 0.0003060086 0.0005452517 6.954741e-05 0.0003839017 2.781897e-06 5.563793e-06 1.669138e-05 0.0006899103 0.0001919509 0.001018174 5.007414e-05 2.503707e-05 5.007414e-05 5.563793e-06 0.0005897621 7.511121e-05 0.1054339 0.0001363129 1.390948e-05 6.120172e-05 5.563793e-06 0.01895584 0.02681192 0.01581508 0.0276131 2.781897e-06 8.0675e-05 0.008156521 0.02187405 0.001663574 0.00488501 0 5.563793e-06 0.0001446586 0.0006259267 1.112759e-05 0.003580301 0.0002225517 0.00118787 0.0001641319 0.0001780414 7.232931e-05 0 3.894655e-05
0.01060181 0.0001808233 0.01570659 1.947328e-05 0.000242025 0.002384085 0.06122954 0.03582805 0.0001196216 0.003644284 0.004545619 9.736638e-05 7.511121e-05 0.07693891 3.894655e-05 0.009113493 0.008793575 0.003861272 0.01119713 0.0001057121 0.01522254 0.002542653 0.02919322 0.01199832 1.947328e-05 0.0217906 0.3786662 0.02030506 0.02689816 0.02271697 9.736638e-05 0.00145215 0.0005869802 0.04240167 0.0001502224 0.06874901 0.06958636 0.1471401 0.01617951 0.0007733672 0.0004645767 2.503707e-05 0.0003282638 2.781897e-06 9.458448e-05 5.841983e-05 0 0 0 1.390948e-05 1.112759e-05 3.616465e-05 2.781897e-06 2.781897e-05 0 2.225517e-05 1.947328e-05 0 0.0001390948 7.232931e-05 3.060086e-05 6.120172e-05 2.781897e-06 0.0001112759 0.0001029302 1.669138e-05 0.0004005931 2.225517e-05 0.0002225517 0.001304709 0.0004061569 3.060086e-05 2.781897e-05 1.947328e-05 0 0 4.451034e-05 0 0.0006120172 7.511121e-05 3.338276e-05 0 2.781897e-06 2.781897e-06 2.781897e-06 0
3.894655e-05 0.0001975147 5.563793e-05 8.34569e-06 8.34569e-06 0.0003366095 0.0006565276 0.0005202147 3.894655e-05 0.0008818612 0.02981915 0.0003254819 0.005185455 0.0006565276 2.781897e-05 3.616465e-05 0.003861272 0.005708452 0.02714018 0.0002809715 0.0002058603 0.0002475888 0.0003115724 0.0001641319 0.002620547 0.05197974 0.02013259 0.0002058603 0.0008651698 0.0002614983 0.004745915 0.000431194 5.563793e-06 0.007163384 2.503707e-05 0.008123138 0.05044135 0.08557948 0.01366189 0.0002865353 0.0001446586 0.000350519 1.947328e-05 0 4.451034e-05 2.781897e-06 0 0 0 2.781897e-06 0 0 0 0.001719212 0 0.004309158 0 0 5.563793e-06 2.781897e-06 0.001140578 0.0002837534 0 5.563793e-06 5.563793e-06 2.781897e-06 2.781897e-06 0.0004617948 0.004183972 0.004106079 2.781897e-06 2.781897e-06 0 0.001018174 0 0 3.060086e-05 0 7.511121e-05 0.006008897 0.0001224034 3.616465e-05 0 0 5.563793e-05 0
0.001841616 0.0001446586 0.0006008897 2.225517e-05 5.007414e-05 0.0005285603 0.006370543 0.005961604 5.841983e-05 0.001226816 0.01153652 0.0003477371 0.0007288569 0.01402354 5.007414e-05 0.0008762974 0.01119713 0.02714018 0.01367859 0.0003004448 0.003341058 0.0003282638 0.005038015 0.0009291534 0.0004673586 0.09158838 0.04622956 0.002183789 0.006573622 0.002776333 0.0006203629 0.0004423215 0.0001196216 0.03722734 5.007414e-05 0.04476628 0.1193461 0.1368359 0.01131676 0.0005563793 9.458448e-05 0.0002225517 0.000133531 0 0.0003282638 1.112759e-05 0 0 0 5.563793e-06 0 2.781897e-06 0 0.0004896138 0 0.001109977 2.781897e-06 0 2.225517e-05 0.0001112759 0.0007678034 0.001268545 0 1.947328e-05 1.947328e-05 1.669138e-05 6.954741e-05 0.0002364612 0.003146325 0.006846247 3.338276e-05 2.781897e-06 1.112759e-05 0.0003366095 0 2.781897e-06 0.0002865353 0 0.0004701405 0.001154487 9.736638e-05 2.781897e-05 0 0 2.503707e-05 0
0.0001363129 2.781897e-06 3.894655e-05 0.05009917 0.001644101 0.01536441 0.0008762974 0.008256669 0.01063519 0.04020119 0.00269844 0.08747952 9.736638e-05 0.01993229 0.008482003 0 0.0001057121 0.0002809715 0.0003004448 0.01412369 8.34569e-06 0 1.947328e-05 0.006092353 2.781897e-06 0.0004645767 0.0001696957 0.05226349 0.01806007 0.00016135 2.503707e-05 0.003830672 3.060086e-05 0.008963271 2.225517e-05 0.00869899 0.0001975147 0.02259178 0.001332528 0.02476444 0.002584382 2.225517e-05 0.0001196216 5.563793e-06 0 1.390948e-05 0.0004701405 0 0.0001001483 0.0005174328 8.902069e-05 0.0009736638 0.0003922474 0 6.676552e-05 0 4.172845e-05 5.563793e-06 2.781897e-06 0 0 0 7.232931e-05 2.781897e-06 2.781897e-06 0 0.002601073 2.781897e-06 5.563793e-06 2.503707e-05 0.00385849 4.172845e-05 2.781897e-06 0 0 2.781897e-06 2.225517e-05 0 0.0001585681 5.563793e-06 0.0001251853 0 0.0002281155 3.060086e-05 0 2.781897e-06
0.003279856 0.0002754078 0.01526705 0 5.563793e-06 0.0001224034 0.03163295 0.002219953 0.003165798 0.0002281155 0.004058787 1.112759e-05 5.841983e-05 0.007850512 0 0.03334381 0.01522254 0.0002058603 0.003341058 8.34569e-06 0.2415632 0.002656711 0.2247689 0.001900035 0.0001724776 0.005892057 0.01382603 0.06338551 0.01852465 0.2494972 1.390948e-05 9.736638e-05 0.0007705853 0.102065 0.001585681 0.2402084 0.04912273 0.2198978 0.03018914 0.002570472 9.180259e-05 1.112759e-05 0.001310273 0.0005063052 8.34569e-06 2.225517e-05 5.563793e-06 0 1.112759e-05 0.0005814164 0.0001863871 0.0003950293 2.503707e-05 1.390948e-05 1.669138e-05 2.781897e-06 0.0004868319 1.669138e-05 0.01230433 5.841983e-05 5.563793e-06 2.781897e-05 8.34569e-06 0.00963649 0.004598475 0.000726075 0.01419602 0 3.894655e-05 0.0003227 0.01323348 0.00156899 0.003146325 0 0 0.0001585681 0.0004172845 1.669138e-05 0.001894472 2.225517e-05 0.0005396879 1.669138e-05 9.458448e-05 8.34569e-05 2.781897e-06 2.781897e-06
5.563793e-06 0.0917386 0.0004061569 1.112759e-05 0.0003087905 3.894655e-05 0.0001836052 3.894655e-05 0.03500739 1.947328e-05 0.0002893172 0.0001975147 0.002976629 5.841983e-05 0.002250554 0.01693897 0.002542653 0.0002475888 0.0003282638 0 0.002656711 0.01757602 0.001207343 0.08550159 0.03645397 0.005599958 0.05876756 0.004384269 8.0675e-05 0.0007511121 0.0001863871 2.781897e-06 1.390948e-05 0.0007177293 8.34569e-06 0.002495361 0.001863871 0.002105896 0.0001724776 0.001338092 5.563793e-06 0.0009208078 8.34569e-06 5.841983e-05 9.180259e-05 0.0001418767 0 0 2.781897e-06 5.841983e-05 8.34569e-06 0.0001363129 2.781897e-06 5.563793e-06 5.563793e-06 1.669138e-05 6.676552e-05 8.34569e-06 0.01449368 5.841983e-05 5.563793e-06 3.060086e-05 0 0.00140764 0.001301928 0.001538389 0.003010012 2.781897e-05 7.511121e-05 0.006203629 0.002069731 0.0001057121 0.0003366095 2.781897e-06 0 2.503707e-05 9.180259e-05 5.563793e-06 0.0005396879 0.0001112759 0.0001669138 1.947328e-05 2.225517e-05 2.781897e-06 1.390948e-05 0
0.003349403 7.78931e-05 0.1164112 1.112759e-05 5.285603e-05 0.0005841983 0.1004237 0.008059154 0.0002754078 0.001822142 0.007024289 2.225517e-05 0.000133531 0.01537554 2.781897e-06 0.02812776 0.02919322 0.0003115724 0.005038015 1.947328e-05 0.2247689 0.001207343 0.1684883 0.00511869 1.947328e-05 0.0369102 0.3821241 0.05169598 0.0093583 0.06868224 0.0002308974 0.0002920991 0.0001780414 0.08574918 0.003037831 0.5572667 0.2376296 0.3430273 0.06436752 0.002870917 0.0001390948 0.0001140578 0.002169879 6.120172e-05 3.338276e-05 0.0009514086 0 0 5.563793e-06 0.0001168397 1.947328e-05 6.954741e-05 1.390948e-05 5.563793e-06 8.34569e-06 5.563793e-06 6.676552e-05 5.563793e-06 0.04249625 6.954741e-05 5.563793e-06 2.781897e-05 0 0.003257601 0.00601446 0.008456965 0.005597176 0 9.458448e-05 0.0146439 0.004726442 0.0001641319 0.0005591612 5.563793e-06 0 1.669138e-05 0.0001557862 3.616465e-05 0.002378522 0.0002197698 0.0007566759 0.0001224034 3.338276e-05 2.225517e-05 0 2.503707e-05
0.001062684 0.04696954 0.001346438 0.01779301 0.002737386 0.002389649 0.02463369 0.001655228 0.1740994 0.01974034 0.0004896138 0.004156153 0.001404858 0.00683512 0.02011589 0.03241744 0.01199832 0.0001641319 0.0009291534 0.006092353 0.001900035 0.08550159 0.00511869 0.07599585 0.01979876 0.01935365 0.0722848 0.1072032 0.02356823 0.03371659 0.00016135 0.0002837534 0.001276891 0.005855892 0.0004284121 0.04013442 0.00544139 0.02262516 0.004231265 0.0124323 0.0007678034 0.0001752595 0.0004784862 0.001385384 0.0001251853 0.0003672103 0.00296272 1.112759e-05 0.001257417 0.01367302 0.00264002 0.03953631 0.006515202 0.000108494 0.0003588647 1.669138e-05 0.001827706 0.0002475888 0.00748052 0.0001224034 8.34569e-06 5.563793e-05 0.0008790793 0.007652997 0.006415053 0.0006287086 0.1585375 2.781897e-05 0.0002392431 0.002275591 0.1780219 0.005563793 0.002512053 5.563793e-06 5.563793e-05 0.0007372026 0.001972365 2.225517e-05 0.01341987 0.0001502224 0.00790615 5.285603e-05 0.003560828 0.001435459 2.781897e-06 0.0001724776
0 0.02616652 2.225517e-05 2.781897e-06 0.0001112759 1.669138e-05 8.0675e-05 2.225517e-05 0.01069083 2.225517e-05 0.007063235 8.34569e-05 0.07985434 2.503707e-05 0.0007205112 0.0004729224 1.947328e-05 0.002620547 0.0004673586 2.781897e-06 0.0001724776 0.03645397 1.947328e-05 0.01979876 0.0100343 0.0115254 0.03071492 0.0005786345 2.225517e-05 0.0001585681 0.005171546 1.112759e-05 2.781897e-06 0.001096067 4.451034e-05 0.004423215 0.007296915 0.005132599 0.0003449552 0.0005396879 0.0004367578 0.01131119 6.120172e-05 0 0.001082158 0 2.781897e-06 0 0 8.34569e-06 0 5.563793e-06 0 0.001541171 0 0.006061753 0 0 1.390948e-05 5.007414e-05 0.001530043 0.001911163 0 0 3.894655e-05 1.390948e-05 4.172845e-05 0.001699739 0.005786345 0.01390948 2.503707e-05 2.781897e-06 2.781897e-06 0.001032084 0 2.781897e-06 0.0002837534 0 0.000431194 0.003546918 0.000242025 5.841983e-05 5.563793e-06 0 0.0002837534 0
0.002601073 0.004476072 0.0601446 6.120172e-05 0.000189169 0.002461978 0.09331594 0.02202149 0.0006231448 0.007767055 0.05287273 0.0004590129 0.01191764 0.02882601 7.78931e-05 0.01262981 0.0217906 0.05197974 0.09158838 0.0004645767 0.005892057 0.005599958 0.0369102 0.01935365 0.0115254 0.3976832 0.4009325 0.03424236 0.01033475 0.00429803 0.005460863 0.001338092 0.0001752595 0.03076499 9.458448e-05 0.08100326 0.3713665 0.2069731 0.02319267 0.001146141 0.0003978112 0.001747031 0.0002531526 8.34569e-06 0.01288296 0.001193434 0 0 0 0.0001752595 4.172845e-05 0.0001057121 5.563793e-06 0.006431745 2.781897e-06 0.01574275 2.781897e-05 8.34569e-06 0.0007984043 0.008412455 0.005185455 0.01007881 0 6.676552e-05 0.001068248 0.0003699922 0.000753894 0.003738869 0.03539685 0.0959031 0.0004923957 2.503707e-05 3.338276e-05 0.003316021 0 8.34569e-06 0.005299513 0 0.001073812 0.02332342 0.0008818612 0.0001808233 1.669138e-05 2.781897e-06 0.0004923957 0
0.001352002 0.02425814 0.0764799 1.947328e-05 0.0001502224 0.0005702888 0.01006212 0.006648733 0.007981261 0.001004265 0.01940651 0.0002197698 0.04466335 0.01325017 0.0006926922 0.0429497 0.3786662 0.02013259 0.04622956 0.0001696957 0.01382603 0.05876756 0.3821241 0.0722848 0.03071492 0.4009325 0.3568645 0.03906339 0.006860157 0.002762423 0.008518167 0.0004089388 0.0002392431 0.1401519 0.0008039681 0.3066123 0.2315289 0.2869192 0.02037461 0.001838834 0.0001474405 0.001571772 0.0009486267 5.563793e-06 0.01789038 0.007716981 0 0 5.563793e-06 0.0002503707 1.390948e-05 9.458448e-05 0 0.006704371 2.781897e-06 0.01886126 5.285603e-05 2.781897e-06 0.04258527 0.003786161 0.009205296 0.01741745 2.781897e-06 0.001101631 0.02162925 0.01013167 0.00268453 0.005605522 0.04388998 0.2488434 0.002456415 3.338276e-05 6.676552e-05 0.00482659 0 2.781897e-06 0.005419134 3.338276e-05 0.005165982 0.01924516 0.002178225 0.0005480336 8.902069e-05 8.34569e-06 0.000698256 3.338276e-05
0.006417835 0.001229598 0.0267535 0.06533006 0.0004284121 0.01108308 0.3644952 0.011709 0.04274662 0.0863918 0.001660792 0.03127408 0.0001669138 0.0507251 0.001827706 0.02264186 0.02030506 0.0002058603 0.002183789 0.05226349 0.06338551 0.004384269 0.05169598 0.1072032 0.0005786345 0.03424236 0.03906339 0.2502705 0.1268851 0.336654 0.0001947328 0.00149666 0.007149474 0.02603299 0.001952891 0.1847402 0.01915336 0.1109532 0.02340966 0.009294316 0.003424515 6.120172e-05 0.002553781 0.0009124621 5.285603e-05 0.000269844 0.002236645 5.563793e-06 0.0009653181 0.009800621 0.001941764 0.01592636 0.004420434 6.120172e-05 0.0003783379 5.563793e-06 0.001385384 0.0001585681 0.00544139 8.34569e-05 2.781897e-06 2.225517e-05 0.0006259267 0.005460863 0.002509271 0.0005174328 0.08681743 1.112759e-05 0.0001307491 0.001797105 0.1155322 0.003964203 0.002022439 0 2.225517e-05 0.0005424698 0.001438241 1.947328e-05 0.009514086 9.736638e-05 0.005658378 2.503707e-05 0.002542653 0.001040429 8.34569e-06 0.0001363129
0.05903184 1.669138e-05 0.003794507 0.002623328 0.00048405 0.01938426 0.1399238 0.03109326 0.001051557 0.1046661 0.01046828 0.0146912 0.0003087905 0.106057 0.001324183 0.001646883 0.02689816 0.0008651698 0.006573622 0.01806007 0.01852465 8.0675e-05 0.0093583 0.02356823 2.225517e-05 0.01033475 0.006860157 0.1268851 0.1826287 0.1102271 0.0001696957 0.01570102 0.03050906 0.09763344 5.841983e-05 0.02441114 0.004211791 0.04742299 0.002993321 0.006217539 0.008896505 2.503707e-05 0.00016135 0.0001279672 5.563793e-06 5.563793e-06 4.729224e-05 0 2.781897e-05 0.0006231448 8.623879e-05 0.0005508155 0.0001307491 1.112759e-05 1.390948e-05 1.669138e-05 0.0001112759 1.390948e-05 0.0005508155 5.563793e-06 2.225517e-05 0 8.34569e-06 0.0007316388 0.0001947328 4.451034e-05 0.005675069 0 1.947328e-05 5.563793e-05 0.00828727 0.000375556 0.0002392431 2.781897e-06 0 6.676552e-05 0.0001140578 2.781897e-06 0.001107195 3.338276e-05 0.0005035233 8.34569e-06 0.0001279672 6.398362e-05 0 5.563793e-06
0.06982004 0.0002781897 0.005455299 3.894655e-05 0.0001696957 0.001499442 0.07372304 0.03271232 0.003238128 0.001488315 0.001224034 0.0001363129 4.451034e-05 0.1510375 1.947328e-05 0.00544139 0.02271697 0.0002614983 0.002776333 0.00016135 0.2494972 0.0007511121 0.06868224 0.03371659 0.0001585681 0.00429803 0.002762423 0.336654 0.1102271 0.168505 3.060086e-05 0.001154487 0.0104961 0.05983581 0.000456231 0.02671455 0.00246476 0.07442686 0.008039681 0.0009013345 0.0003950293 5.563793e-06 0.0004367578 0.0008206595 1.112759e-05 6.120172e-05 6.398362e-05 2.781897e-06 7.511121e-05 0.00183327 0.0003783379 0.002403559 0.0002392431 1.947328e-05 4.451034e-05 0 0.0007984043 4.729224e-05 0.006167465 7.511121e-05 5.563793e-06 8.34569e-06 4.172845e-05 0.008061936 0.002809715 0.000403375 0.03088462 2.781897e-06 3.616465e-05 0.0001140578 0.04479966 0.002601073 0.002531526 0 1.112759e-05 0.0003616465 0.0006620914 1.390948e-05 0.007163384 6.120172e-05 0.002578818 2.503707e-05 0.0005257784 0.0004868319 2.781897e-06 6.676552e-05
2.781897e-05 0.000108494 2.503707e-05 2.781897e-06 5.563793e-06 9.458448e-05 0.0003227 0.00016135 2.225517e-05 0.0001446586 0.009444539 4.172845e-05 0.01451315 0.0003533009 2.781897e-06 7.232931e-05 9.736638e-05 0.004745915 0.0006203629 2.503707e-05 1.390948e-05 0.0001863871 0.0002308974 0.00016135 0.005171546 0.005460863 0.008518167 0.0001947328 0.0001696957 3.060086e-05 0.0005786345 6.954741e-05 8.34569e-06 0.001146141 2.781897e-06 0.0009903552 0.02416077 0.007719763 0.001460496 3.616465e-05 6.676552e-05 0.001443804 2.781897e-06 0 3.616465e-05 2.781897e-06 0 0 0 2.781897e-06 0 0 0 0.001418767 0 0.004434343 0 0 2.781897e-06 8.34569e-06 0.0003783379 8.623879e-05 0 0 8.34569e-06 0 5.563793e-06 0.001313055 0.001585681 0.001318619 2.781897e-06 0 0 0.0005090871 0 0 3.338276e-05 0 8.34569e-06 0.006200847 6.120172e-05 2.781897e-06 0 0 0.0002197698 0
0.0002002966 5.563793e-06 0.0003616465 0.0002893172 0.0001307491 0.02663388 0.004921175 0.0281667 7.232931e-05 0.01529765 0.006303778 0.00704098 0.0002642802 0.01064075 0.005154854 8.34569e-06 0.00145215 0.000431194 0.0004423215 0.003830672 9.736638e-05 2.781897e-06 0.0002920991 0.0002837534 1.112759e-05 0.001338092 0.0004089388 0.00149666 0.01570102 0.001154487 6.954741e-05 0.0002475888 2.503707e-05 0.03878798 2.781897e-06 0.006006115 0.000294881 0.01750369 0.0008651698 0.02739334 0.02635569 3.060086e-05 4.729224e-05 0 0 0 2.781897e-06 0 2.781897e-06 1.112759e-05 0 1.112759e-05 2.781897e-06 0 2.781897e-06 2.781897e-06 0 0 5.563793e-06 0 0 0 0 2.781897e-06 0 0 6.676552e-05 2.781897e-06 8.34569e-06 1.390948e-05 0.0001390948 8.34569e-06 2.781897e-06 0 0 0 2.781897e-06 0 1.947328e-05 1.947328e-05 5.563793e-06 0 5.563793e-06 0 0 0
0.0004005931 0 6.398362e-05 3.338276e-05 2.781897e-06 0.0002225517 0.005285603 0.0005619431 5.841983e-05 0.00123238 0.0001029302 1.390948e-05 0 0.0006287086 0 0.0002308974 0.0005869802 5.563793e-06 0.0001196216 3.060086e-05 0.0007705853 1.390948e-05 0.0001780414 0.001276891 2.781897e-06 0.0001752595 0.0002392431 0.007149474 0.03050906 0.0104961 8.34569e-06 2.503707e-05 0.0008039681 0.008278924 8.34569e-06 0.001329747 0.000350519 0.005029669 0.0001780414 5.563793e-05 1.947328e-05 2.781897e-06 2.781897e-06 1.112759e-05 0 0 0 0 2.781897e-06 2.225517e-05 2.781897e-06 3.338276e-05 8.34569e-06 0 0 0 1.947328e-05 0 6.676552e-05 0 0 0 0 7.511121e-05 1.947328e-05 5.563793e-06 0.0003366095 0 0 0 0.0004339759 2.225517e-05 2.225517e-05 0 0 8.34569e-06 5.563793e-06 0 5.285603e-05 0 3.060086e-05 0 2.781897e-06 0 0 0
0.005789127 0.0007316388 0.01173126 0.001054339 0.003416169 0.01147254 0.02202984 0.01624071 0.0002281155 0.03472085 0.08852273 0.01057677 0.00915244 0.03844025 0.00108494 0.00796457 0.04240167 0.007163384 0.03722734 0.008963271 0.102065 0.0007177293 0.08574918 0.005855892 0.001096067 0.03076499 0.1401519 0.02603299 0.09763344 0.05983581 0.001146141 0.03878798 0.008278924 0.06045896 0.0002197698 0.01785699 0.03777815 0.1089252 0.0108494 0.006431745 0.0007010379 0.0007956224 0.0001585681 1.669138e-05 7.511121e-05 2.225517e-05 2.781897e-06 0 5.563793e-06 7.78931e-05 1.669138e-05 6.120172e-05 1.947328e-05 4.451034e-05 2.781897e-06 0.0001585681 1.669138e-05 0 0.0003199181 1.390948e-05 5.841983e-05 9.180259e-05 0 0.0002392431 0.0001251853 1.947328e-05 0.001079376 4.451034e-05 0.0002781897 0.0009514086 0.001479969 8.0675e-05 5.285603e-05 5.285603e-05 0 1.112759e-05 3.894655e-05 0 0.0002197698 0.0001724776 7.78931e-05 1.112759e-05 1.947328e-05 8.34569e-06 5.563793e-06 0
2.781897e-06 0 0.0001057121 2.225517e-05 0 3.616465e-05 0.0008178776 4.451034e-05 5.563793e-06 0.000269844 0.0001390948 8.34569e-06 0.0001780414 5.841983e-05 0 0.0003727741 0.0001502224 2.503707e-05 5.007414e-05 2.225517e-05 0.001585681 8.34569e-06 0.003037831 0.0004284121 4.451034e-05 9.458448e-05 0.0008039681 0.001952891 5.841983e-05 0.000456231 2.781897e-06 2.781897e-06 8.34569e-06 0.0002197698 0.4433119 0.1442358 0.003533009 0.009102365 0.0093583 5.563793e-05 0.0001251853 0.0006787828 0.00149666 2.781897e-06 0 0 0 0 0 8.34569e-06 2.781897e-06 8.34569e-06 0 0 0 2.781897e-05 0 0 1.669138e-05 0 8.34569e-06 8.34569e-06 2.781897e-06 0 2.781897e-06 5.563793e-06 8.623879e-05 0 2.781897e-06 8.34569e-06 0.0001418767 5.563793e-06 5.563793e-06 2.781897e-06 0 0 5.563793e-06 0.3527334 0.0009708819 0.000108494 0.0001947328 0.0002614983 2.781897e-06 2.781897e-06 7.232931e-05 7.511121e-05
0.000456231 0.0004172845 0.03847919 0.002434159 0.0008902069 0.009366646 0.05514832 0.008381854 0.001048775 0.04336699 0.01438797 0.006929704 0.005783563 0.00721624 0.0009013345 0.068596 0.06874901 0.008123138 0.04476628 0.00869899 0.2402084 0.002495361 0.5572667 0.04013442 0.004423215 0.08100326 0.3066123 0.1847402 0.02441114 0.02671455 0.0009903552 0.006006115 0.001329747 0.01785699 0.1442358 0.08999992 0.3801935 0.2449265 0.07666907 0.1236915 0.042474 0.02751574 0.007180075 0.0001474405 0.0001390948 4.172845e-05 3.616465e-05 2.781897e-06 3.060086e-05 0.0005981078 7.511121e-05 0.0006314905 0.0001279672 8.0675e-05 1.390948e-05 0.0001696957 0.0001641319 8.34569e-06 0.002150406 6.954741e-05 8.623879e-05 0.0002002966 1.112759e-05 0.001471623 0.0007650215 0.0001585681 0.008384636 4.451034e-05 0.0004757043 0.001660792 0.01057121 0.0005480336 0.00048405 4.451034e-05 2.781897e-06 6.954741e-05 0.0002197698 0.00165801 0.00151057 0.0003533009 0.0005452517 3.338276e-05 0.0001446586 0.0001196216 0.0001418767 1.947328e-05
0.000214206 0.0008818612 0.1526454 2.225517e-05 2.225517e-05 0.000269844 0.005344023 0.0009792276 0.0001975147 0.001018174 0.1203448 0.0001502224 0.1473265 0.001543953 2.781897e-05 0.03528836 0.06958636 0.05044135 0.1193461 0.0001975147 0.04912273 0.001863871 0.2376296 0.00544139 0.007296915 0.3713665 0.2315289 0.01915336 0.004211791 0.00246476 0.02416077 0.000294881 0.000350519 0.03777815 0.003533009 0.3801935 0.102933 0.2196892 0.04891687 0.005143727 0.001760941 0.008971616 0.001235162 1.669138e-05 0.000242025 5.841983e-05 0 0 0 3.060086e-05 8.34569e-06 3.338276e-05 2.781897e-06 0.008354035 2.781897e-06 0.0263084 1.390948e-05 0 0.0006231448 6.954741e-05 0.002158752 0.0009625362 0 0.0003199181 0.0002030784 6.398362e-05 0.0004506672 0.001240726 0.007196766 0.009091238 0.0004784862 4.172845e-05 0.0001057121 0.001710866 2.781897e-06 8.34569e-06 0.0007817129 9.180259e-05 0.002745732 0.0885116 0.002030784 0.0002197698 1.390948e-05 0 0.007933969 2.781897e-06
0.002025221 0.001660792 0.01958733 0.003880746 0.002080859 0.02028281 0.07338921 0.01991003 0.0008011862 0.09815644 0.2116411 0.01964854 0.03679336 0.02246938 0.001627409 0.02622216 0.1471401 0.08557948 0.1368359 0.02259178 0.2198978 0.002105896 0.3430273 0.02262516 0.005132599 0.2069731 0.2869192 0.1109532 0.04742299 0.07442686 0.007719763 0.01750369 0.005029669 0.1089252 0.009102365 0.2449265 0.2196892 0.1187063 0.03744989 0.01626019 0.003413387 0.004264647 0.002122587 8.623879e-05 0.0003060086 4.451034e-05 4.451034e-05 0 3.616465e-05 0.0004534491 7.511121e-05 0.0004367578 0.0001001483 0.000456231 1.947328e-05 0.001293582 6.398362e-05 1.112759e-05 0.0009625362 9.736638e-05 0.0005758526 0.0006620914 8.34569e-06 0.0007121655 0.0003310457 9.180259e-05 0.005082525 0.0003477371 0.002225517 0.004787644 0.007057671 0.0002865353 0.0002225517 0.0003310457 2.781897e-06 4.172845e-05 0.0002392431 0.000108494 0.001543953 0.001215689 0.0004534491 2.503707e-05 0.0001251853 7.511121e-05 6.676552e-05 1.669138e-05
0.0001112759 5.563793e-05 0.0009847914 0.0003533009 0.0001196216 0.001785978 0.01232658 0.002061385 0.0001780414 0.008907633 0.03648179 0.0006509638 0.004701405 0.001646883 0.0001029302 0.004348104 0.01617951 0.01366189 0.01131676 0.001332528 0.03018914 0.0001724776 0.06436752 0.004231265 0.0003449552 0.02319267 0.02037461 0.02340966 0.002993321 0.008039681 0.001460496 0.0008651698 0.0001780414 0.0108494 0.0093583 0.07666907 0.04891687 0.03744989 0.001254635 0.002439723 0.0008846431 0.0004061569 0.0002475888 2.225517e-05 1.669138e-05 0 1.112759e-05 0 0 6.954741e-05 1.669138e-05 0.0001112759 2.503707e-05 5.285603e-05 2.781897e-06 0.0001530043 8.34569e-06 0 0.0001836052 1.112759e-05 5.563793e-05 6.954741e-05 0 0.0001029302 5.841983e-05 2.225517e-05 0.0009430629 2.225517e-05 0.0001947328 0.0003811198 0.001271327 6.954741e-05 4.172845e-05 3.060086e-05 0 5.563793e-06 2.225517e-05 5.563793e-05 0.0005174328 0.000242025 7.511121e-05 5.563793e-06 5.563793e-06 1.112759e-05 1.112759e-05 2.781897e-06
5.563793e-05 0.0006008897 0.0001836052 0.003641503 0.04097455 0.04499439 0.004715315 0.01744806 0.006089572 0.01934809 0.002779115 0.04012886 0.0001975147 0.008968834 0.02194082 0.0005869802 0.0007733672 0.0002865353 0.0005563793 0.02476444 0.002570472 0.001338092 0.002870917 0.0124323 0.0005396879 0.001146141 0.001838834 0.009294316 0.006217539 0.0009013345 3.616465e-05 0.02739334 5.563793e-05 0.006431745 5.563793e-05 0.1236915 0.005143727 0.01626019 0.002439723 0.01207621 0.00962258 0.0003171362 0.001015392 2.225517e-05 2.781897e-06 2.781897e-06 0.0003310457 0 8.34569e-05 0.0004868319 0.0001446586 0.0007566759 0.0006648733 5.563793e-06 3.338276e-05 5.563793e-06 6.120172e-05 8.34569e-06 0.0001001483 0 5.563793e-06 0 0.0001140578 9.736638e-05 6.676552e-05 0 0.003029485 0 1.112759e-05 1.947328e-05 0.004103297 0.0001224034 3.894655e-05 2.781897e-06 2.781897e-06 1.947328e-05 3.338276e-05 2.781897e-06 0.0005452517 8.34569e-06 0.0001530043 5.563793e-06 0.0004284121 3.338276e-05 5.563793e-06 8.34569e-06
4.172845e-05 2.781897e-06 0.0001307491 0.0002475888 0.003822326 0.01394008 0.003538572 0.00778931 5.563793e-05 0.009650399 0.003257601 0.004247956 0.0003004448 0.004234047 0.001176742 1.947328e-05 0.0004645767 0.0001446586 9.458448e-05 0.002584382 9.180259e-05 5.563793e-06 0.0001390948 0.0007678034 0.0004367578 0.0003978112 0.0001474405 0.003424515 0.008896505 0.0003950293 6.676552e-05 0.02635569 1.947328e-05 0.0007010379 0.0001251853 0.042474 0.001760941 0.003413387 0.0008846431 0.00962258 6.676552e-05 0.0003950293 0.0002253336 2.781897e-06 0 0 5.563793e-06 0 0 3.616465e-05 5.563793e-06 1.390948e-05 5.563793e-06 2.781897e-06 0 0 2.781897e-06 0 2.781897e-06 0 0 0 0 1.390948e-05 8.34569e-06 2.781897e-06 0.0001975147 0 5.563793e-06 2.781897e-06 0.0003560828 1.112759e-05 5.563793e-06 0 0 0 0 0 0.0001557862 8.34569e-06 1.947328e-05 0 1.112759e-05 0 2.781897e-06 5.563793e-06
0 0.001485533 3.894655e-05 0 5.563793e-06 4.172845e-05 2.781897e-05 3.616465e-05 0.0001446586 5.841983e-05 0.01640484 1.112759e-05 0.02961885 2.225517e-05 1.390948e-05 1.947328e-05 2.503707e-05 0.000350519 0.0002225517 2.225517e-05 1.112759e-05 0.0009208078 0.0001140578 0.0001752595 0.01131119 0.001747031 0.001571772 6.120172e-05 2.503707e-05 5.563793e-06 0.001443804 3.060086e-05 2.781897e-06 0.0007956224 0.0006787828 0.02751574 0.008971616 0.004264647 0.0004061569 0.0003171362 0.0003950293 0.0001669138 0.000108494 0 3.894655e-05 0 0 0 0 0 0 0 0 0.0004005931 0 0.0009319353 0 0 0 2.781897e-06 0.0001641319 0.0001112759 0 0 0 0 2.781897e-06 0.0001641319 0.0006565276 0.001288018 0 0 0 0.0001474405 0 0 9.458448e-05 8.34569e-06 0.001123886 0.002695658 0.0003449552 3.616465e-05 2.781897e-06 2.781897e-06 0.0003699922 5.563793e-06
