0.004525568 0 0.00155535 0.0002374836 0 0.0001103797 0.02197225 0.008887239 0.0004950363 0.001996869 0.0005084156 0.0001237591 3.010356e-05 0.04818576 6.689679e-06 0 0.007943994 0.0003277943 0.002568837 0.000689037 0.0002876562 0 6.689679e-05 0.008375478 0 0.006850231 0.001197453 0.007392095 0.02238032 0.03557237 6.689679e-06 0.0005117605 0.0003880014 0.006776645 3.34484e-06 0.002057076 0.0001371384 0.009322068 0.0009900725 8.027615e-05 8.696583e-05 1.337936e-05 3.010356e-05 3.34484e-06 0 6.689679e-06 1.337936e-05 0 4.013807e-05 0.0003043804 0.0001538626 0.0001070349 2.675872e-05 0 0.0002207594 0 0.0001103797 0 0 0 0 0 1.67242e-05 0 3.34484e-06 6.689679e-06 0.001926628 0 2.675872e-05 1.337936e-05 0.001541971 9.031067e-05 2.006904e-05 0 3.34484e-06 3.34484e-06 6.689679e-05 0 4.682775e-05 0 0.0001337936 1.67242e-05 2.675872e-05 1.003452e-05 0 0
0 0.001314522 0.002451767 0 1.003452e-05 0 6.689679e-06 6.689679e-06 0.05644417 3.34484e-06 0.0001973455 0 0.004819914 3.34484e-06 0.0001705868 0.003515426 0.006224746 4.013807e-05 0.0067733 0 1.67242e-05 0.07669717 0.0001572075 0.020544 0.03707086 0.008579514 0.1037736 0.0003478633 2.675872e-05 2.341388e-05 0.0005017259 3.34484e-06 0 0.0005753124 0 0.0004716224 0.0001772765 0.002157422 0.0001772765 5.351743e-05 0 0.001709213 0 0 0.000709106 0.003471943 0 0 0 2.675872e-05 6.689679e-06 2.341388e-05 0 3.679324e-05 0 0.0001337936 1.003452e-05 0 0.0001003452 0.00010369 4.013807e-05 7.358647e-05 0 3.34484e-06 7.693131e-05 0.0001538626 0.0001304487 5.017259e-05 0.007642958 0.02024297 7.693131e-05 0 3.010356e-05 1.003452e-05 0 0 3.010356e-05 0 0.0001638971 0.0002307939 0.0001638971 1.003452e-05 0 0 1.67242e-05 0
0.00155535 0.002451767 0.01207487 4.348291e-05 0 0.0001638971 0.05968532 0.007475716 0.0001304487 0.001013486 6.020711e-05 6.689679e-06 1.003452e-05 0.004953707 0 0.001876455 0.1724867 0.0001438281 0.003920152 0.0001271039 0.03213722 0.002665837 0.04037221 0.003659255 6.689679e-06 0.02338043 0.2539569 0.01993524 0.001508523 0.06940208 6.689679e-06 7.693131e-05 4.682775e-05 0.005552434 4.013807e-05 0.02197225 0.04176367 0.04946349 0.006181264 0.0004916914 4.013807e-05 6.355195e-05 8.027615e-05 6.689679e-06 0.006499023 0.01938 0 0 1.337936e-05 0.0004348291 8.362099e-05 5.686227e-05 6.689679e-06 1.337936e-05 3.010356e-05 0 9.700035e-05 0 0.0004682775 0.0001271039 6.689679e-06 9.700035e-05 0 3.679324e-05 0.0001304487 0.001398143 0.002522009 6.689679e-06 0.004268015 0.02758824 0.002063766 8.027615e-05 0.0001070349 0 3.34484e-06 3.34484e-06 6.689679e-05 6.689679e-06 0.0001572075 3.34484e-05 0.000167242 4.348291e-05 1.003452e-05 0 0 0
0.0002374836 0 4.348291e-05 0.004130877 1.003452e-05 0.003418426 0.009519413 0.003632496 0.03329119 0.04257646 6.689679e-06 0.003528806 3.34484e-05 0.003140804 0.0001572075 0 1.67242e-05 6.689679e-06 6.689679e-06 0.02229001 6.689679e-06 0 1.003452e-05 0.03792045 0 4.013807e-05 1.67242e-05 0.02904659 0.003378288 0.0003679324 0 0.0005552434 2.006904e-05 0.001164004 6.689679e-06 0.001070349 1.337936e-05 0.004053946 0.0004080704 0.0009298654 0.0004348291 6.689679e-06 4.348291e-05 6.689679e-06 3.34484e-06 6.689679e-06 0.0005084156 0 0.0001237591 0.000709106 9.031067e-05 0.0008161409 0.0005552434 0 0.0004448637 0 0.0001271039 3.34484e-06 0 0 0 0 0.0005686227 3.34484e-06 1.003452e-05 0 0.005030639 0 6.689679e-06 3.34484e-06 0.00416098 0.0002876562 0 0 1.337936e-05 6.689679e-06 0.0001137245 0 0.0001572075 0 0.0003010356 0.0001103797 0.0001070349 1.337936e-05 0 3.34484e-06
0 1.003452e-05 0 1.003452e-05 0.0002274491 0.001314522 4.013807e-05 0.000270932 0.00176942 0.0002174146 0 0.0009499344 0 0.0002140697 0.03015707 0 6.689679e-06 0 0 8.362099e-05 0 3.34484e-06 0 0.0001973455 0 3.34484e-06 1.337936e-05 9.031067e-05 0.0002642423 3.34484e-06 0 0.0003578978 0 0.0002542078 0 0.0003077252 6.689679e-06 5.017259e-05 3.34484e-06 0.02444074 0.001705868 0 1.337936e-05 0 0 0 0 0 3.34484e-06 3.34484e-06 0 0 3.34484e-06 0 0 0 0 0 0 0 0 0 0 0 0 0 3.34484e-06 0 0 0 3.34484e-06 0 0 0 0 0 0 0 0 0 0 0 0 0 0 0
0.0001103797 0 0.0001638971 0.003418426 0.001314522 0.201463 0.05839086 0.1070616 0.002030318 0.281408 8.027615e-05 0.1126475 0.0005853469 0.01820262 0.01442295 0 0.0001438281 4.013807e-05 8.362099e-05 0.02001886 1.67242e-05 0 6.689679e-06 0.008124615 0 0.0002809665 8.362099e-05 0.01996869 0.005809986 0.000187311 6.689679e-06 0.01800862 1.003452e-05 0.004411843 4.682775e-05 0.00355222 0.0002006904 0.004957052 0.001448316 0.02621351 0.005227984 6.689679e-05 0.0002374836 3.34484e-06 3.34484e-06 6.689679e-06 5.686227e-05 0 8.362099e-05 0.0004816569 0.0001572075 0.0003244494 0.0001940007 0 0.000354553 0 0.0001304487 0 0 0 0 0 0.000167242 0 0 6.689679e-06 0.002966873 0 3.34484e-06 6.689679e-06 0.002639078 0.0001806213 3.34484e-06 0 3.34484e-06 1.67242e-05 8.362099e-05 0 0.0001103797 0 0.0002475181 9.031067e-05 1.67242e-05 2.675872e-05 0 3.34484e-06
0.02197225 6.689679e-06 0.05968532 0.009519413 4.013807e-05 0.05839086 0.06474271 0.1205681 0.0126736 0.09152485 0.0004348291 0.002023628 0.0001940007 0.1030712 8.696583e-05 0.0001973455 0.04175698 0.0003211046 0.003933531 0.009894035 0.01683458 4.348291e-05 0.01696503 0.1209828 3.34484e-06 0.02166118 0.003709427 0.3575767 0.05387199 0.0915884 2.341388e-05 0.004334912 0.0007258302 0.02156084 7.358647e-05 0.01137914 0.0009900725 0.03998756 0.005328329 0.001000107 0.003060528 6.020711e-05 0.0003110701 9.700035e-05 1.67242e-05 4.013807e-05 0.000291001 0 0.0006990715 0.006398678 0.002241043 0.002204249 0.0009733483 1.67242e-05 0.002555457 3.34484e-06 0.001846351 0 0.00010369 1.337936e-05 0 6.689679e-06 0.0007024163 3.679324e-05 6.020711e-05 7.693131e-05 0.03665944 0 5.017259e-05 0.0001705868 0.02760162 0.001779455 0.0002675872 3.34484e-06 0.0001137245 5.017259e-05 0.0007392095 0 0.001170694 1.003452e-05 0.002843114 0.0004314843 0.0003612427 0.000250863 3.34484e-06 3.010356e-05
0.008887239 6.689679e-06 0.007475716 0.003632496 0.000270932 0.1070616 0.1205681 0.08168433 0.002966873 0.1412994 0.0008997618 0.02104573 7.024163e-05 0.05153394 0.005927056 6.689679e-06 0.01568061 0.0006121056 0.004706189 0.01642651 0.0003980359 0 0.0003277943 0.03555899 0 0.01740989 0.0030137 0.05170788 0.01176046 0.01691485 1.67242e-05 0.02075138 0.0001605523 0.006860266 3.010356e-05 0.005933745 0.000374622 0.01339943 0.001495143 0.02285863 0.001224211 2.341388e-05 0.0001839662 6.689679e-06 3.34484e-06 1.337936e-05 0.0001003452 0 0.0002140697 0.001087073 0.0006154505 0.0005753124 0.0002542078 3.34484e-06 0.0008161409 0 0.0004047256 3.34484e-06 3.34484e-06 6.689679e-06 0 0 0.0002006904 3.34484e-06 1.67242e-05 1.67242e-05 0.007040887 0 3.34484e-05 3.679324e-05 0.005890263 0.0003946911 1.337936e-05 0 4.013807e-05 1.003452e-05 0.0001906559 0 0.0002341388 0 0.0006087608 0.0001204142 6.020711e-05 5.017259e-05 0 3.34484e-06
0.0004950363 0.05644417 0.0001304487 0.03329119 0.00176942 0.002030318 0.0126736 0.002966873 0.003341495 0.006375264 3.34484e-05 0.004201119 0.000916486 0.002672527 0.004201119 3.010356e-05 0.0001772765 3.34484e-06 2.675872e-05 0.01272711 8.696583e-05 0.05416633 5.351743e-05 0.1004589 0.01163001 0.0007425544 0.0281602 0.05610299 0.004030532 0.002548768 0.0001404833 0.000270932 0.0001839662 0.001174039 0 0.00105028 7.024163e-05 0.004281395 0.0003445185 0.002348077 0.000291001 8.696583e-05 3.34484e-05 4.013807e-05 4.348291e-05 4.682775e-05 0.001137245 0 0.000438174 0.003334805 0.0007425544 0.003471943 0.001592144 6.689679e-06 0.001016831 1.67242e-05 0.0007760028 3.34484e-06 0.000167242 3.34484e-06 3.34484e-06 0 0.002070456 4.013807e-05 0.0004716224 5.351743e-05 0.04451981 0 9.031067e-05 0.0001103797 0.0211327 0.001234246 0.0001839662 0 3.34484e-05 4.348291e-05 0.0004214498 3.34484e-06 0.0007994167 2.006904e-05 0.001511867 0.0003478633 0.0002742768 0.0001103797 3.34484e-06 2.341388e-05
0.001996869 3.34484e-06 0.001013486 0.04257646 0.0002174146 0.281408 0.09152485 0.1412994 0.006375264 0.4097395 0.0002475181 0.09273233 0.001200797 0.08362099 0.0009532793 0 0.0007860373 0.0001237591 0.0001806213 0.07913556 9.700035e-05 3.34484e-06 4.013807e-05 0.01078042 1.003452e-05 0.001053624 0.0001572075 0.1038138 0.04857711 0.0006823473 3.010356e-05 0.02143708 3.679324e-05 0.01690147 0.0002174146 0.01658371 0.0003779669 0.04153622 0.01088745 0.01355663 0.01028873 0.0002107249 0.001030211 6.689679e-06 0 2.006904e-05 0.0001438281 0 9.365551e-05 0.000645554 0.0001337936 0.000709106 0.0003144149 0 0.0003077252 0 0.0001204142 0 0 0 0 0 0.0003277943 3.34484e-06 0 1.003452e-05 0.004445292 0 1.003452e-05 1.337936e-05 0.002980252 0.0002843114 6.689679e-06 0 3.34484e-06 1.003452e-05 0.0001170694 6.689679e-06 0.000187311 0 0.0003913462 4.682775e-05 3.010356e-05 1.003452e-05 0 0
0.0005084156 0.0001973455 6.020711e-05 6.689679e-06 0 8.027615e-05 0.0004348291 0.0008997618 3.34484e-05 0.0002475181 0.09857577 8.696583e-05 0.02508964 0.00134797 6.689679e-06 0.0001739317 0.0001137245 0.06257526 0.006425437 7.693131e-05 0.00136135 6.689679e-06 0.0006288298 0.0001371384 0.01744668 0.08619652 0.01479423 0.0008027615 0.001722592 0.002582216 0.02333695 3.34484e-05 8.027615e-05 0.03977014 1.67242e-05 0.01404498 0.130034 0.0895447 0.008997618 0.0008462444 0.000270932 0.0401247 5.017259e-05 0 6.355195e-05 0 0 0 3.34484e-06 0 3.34484e-06 3.010356e-05 0 0.001521902 0 0.01473067 0 0 0 6.689679e-06 0.0003512082 8.696583e-05 0 3.34484e-06 1.67242e-05 0 3.010356e-05 0.0004281395 0.002130663 0.005452089 2.006904e-05 0 0 0.001117176 0 0 0.0001003452 0 0.0005652779 0.006070884 0.000458243 1.337936e-05 0 0 0.004943673 0
0.0001237591 0 6.689679e-06 0.003528806 0.0009499344 0.1126475 0.002023628 0.02104573 0.004201119 0.09273233 8.696583e-05 0.1453299 0.0004850017 0.02003893 0.002712665 0 6.689679e-06 4.682775e-05 1.003452e-05 0.08512282 0 3.34484e-06 0 0.002672527 3.34484e-06 6.020711e-05 2.675872e-05 0.007545958 0.01313853 7.024163e-05 3.34484e-06 0.008863825 0 0.006395333 0.0002642423 0.004910225 0.0001605523 0.01460022 0.002970218 0.02464478 0.004575741 8.696583e-05 0.0003946911 0 3.34484e-06 6.689679e-06 0.0001438281 0 6.689679e-05 0.0003679324 8.027615e-05 0.0003177598 0.000187311 0 0.0001538626 0 8.696583e-05 0 0 0 0 0 0.0003277943 0 3.34484e-06 6.689679e-06 0.002552113 0 3.34484e-06 0 0.001759386 0.0001271039 6.689679e-06 0 6.689679e-06 3.34484e-06 2.006904e-05 0 0.0001003452 0 0.0001572075 6.020711e-05 3.679324e-05 1.67242e-05 0 3.34484e-06
3.010356e-05 0.004819914 1.003452e-05 3.34484e-05 0 0.0005853469 0.0001940007 7.024163e-05 0.000916486 0.001200797 0.02508964 0.0004850017 0.03178267 6.689679e-05 3.679324e-05 0.000167242 5.017259e-05 0.00165904 0.0002675872 0.0002843114 0.0005151053 0.0007693131 0.0004348291 0.0003378288 0.06775307 0.005154398 0.01609202 0.000354553 0.0001103797 0.0002809665 0.0276451 6.020711e-05 0 0.00303377 0.0005452089 0.01725268 0.05444061 0.01633285 0.0008027615 0.001404833 0.0003378288 0.01358339 0.0001237591 6.689679e-06 0.0002073801 3.34484e-06 0 0 3.34484e-06 1.003452e-05 3.34484e-06 2.341388e-05 3.34484e-06 0.003699393 0 0.03422105 6.689679e-06 0 1.003452e-05 3.34484e-06 0.0005886918 0.0001806213 6.689679e-06 3.34484e-06 6.020711e-05 1.003452e-05 7.024163e-05 0.001618902 0.004562361 0.01170025 3.34484e-05 6.689679e-06 6.689679e-06 0.003274598 3.34484e-06 0 0.0001973455 7.693131e-05 0.001100452 0.01429584 0.001224211 4.682775e-05 1.67242e-05 3.34484e-05 0.01278732 6.689679e-06
0.04818576 3.34484e-06 0.004953707 0.003140804 0.0002140697 0.01820262 0.1030712 0.05153394 0.002672527 0.08362099 0.00134797 0.02003893 6.689679e-05 0.05014584 0.002839769 3.34484e-06 0.01782799 0.0008897273 0.005579192 0.02003893 0.0003880014 6.689679e-06 0.0001839662 0.03630489 0 0.01843676 0.003629151 0.0437505 0.07060287 0.0420045 6.689679e-06 0.003833186 0.0004114153 0.01502167 6.020711e-05 0.01082056 0.0006723128 0.02876562 0.004839983 0.01953386 0.001053624 2.675872e-05 0.000270932 1.337936e-05 6.689679e-06 1.337936e-05 5.351743e-05 0 0.0001705868 0.00124428 0.0005886918 0.0004983811 0.0002274491 0 0.0007425544 0 0.0004348291 0 1.003452e-05 6.689679e-06 0 3.34484e-06 0.0001204142 3.34484e-06 3.34484e-06 2.006904e-05 0.007890477 3.34484e-06 3.679324e-05 5.017259e-05 0.006191298 0.0003913462 5.017259e-05 0 3.679324e-05 1.67242e-05 0.0001839662 0 0.0002675872 3.34484e-06 0.0006790024 9.365551e-05 0.0001070349 8.027615e-05 0 3.34484e-06
6.689679e-06 0.0001705868 0 0.0001572075 0.03015707 0.01442295 8.696583e-05 0.005927056 0.004201119 0.0009532793 6.689679e-06 0.002712665 3.679324e-05 0.002839769 0.002037007 0 0 0 0 0.0008495893 0 0.0001137245 0 0.001756041 5.686227e-05 0 0.0001304487 0.0007157957 0.000187311 3.34484e-06 0 0.003632496 0 0.0001973455 0 6.020711e-05 3.34484e-06 6.689679e-05 1.003452e-05 0.01270705 0.000812796 6.689679e-06 0 0 0 0 0 0 0 0 0 3.34484e-06 1.003452e-05 0 3.34484e-06 0 0 0 0 0 0 0 0 0 0 0 5.351743e-05 0 0 3.34484e-06 1.67242e-05 0 0 0 0 0 0 0 0 0 0 0 0 0 0 0
0 0.003515426 0.001876455 0 0 0 0.0001973455 6.689679e-06 3.010356e-05 0 0.0001739317 0 0.000167242 3.34484e-06 0 0.02157756 0.0006823473 3.679324e-05 0.0002976907 3.34484e-06 0.03421436 0.02522344 0.05991946 0.02530371 0.000334484 0.00105028 0.07007439 0.009041101 1.003452e-05 0.005134329 2.006904e-05 0 0 0.002993631 0.0004515533 0.07295095 0.02578537 0.037693 0.01480426 0.0006823473 0.0001705868 9.031067e-05 0.0004415188 3.34484e-05 1.67242e-05 0.0001137245 0 0 3.34484e-06 0.000458243 3.010356e-05 0.0001572075 0 0 0 3.34484e-06 8.362099e-05 0 0.1321279 6.689679e-06 0 3.34484e-06 0 0.01355998 0.01236587 0.03176594 0.02064769 3.34484e-06 6.355195e-05 0.01502167 0.02060087 0.0002174146 0.0004950363 0 0 2.006904e-05 1.337936e-05 6.689679e-06 0.0003043804 3.34484e-06 0.0001806213 4.013807e-05 6.689679e-06 0 0 0
0.007943994 0.006224746 0.1724867 1.67242e-05 6.689679e-06 0.0001438281 0.04175698 0.01568061 0.0001772765 0.0007860373 0.0001137245 6.689679e-06 5.017259e-05 0.01782799 0 0.0006823473 0.01039911 0.002893286 0.01320208 5.017259e-05 0.05611303 0.01010142 0.07086712 0.001384764 5.686227e-05 0.1119284 0.2688983 0.007897166 0.01292112 0.1299872 3.010356e-05 0.0002140697 0.000374622 0.01319539 1.67242e-05 0.006542506 0.03611423 0.006759921 0.001685799 0.0001438281 7.024163e-05 0.0001003452 2.341388e-05 0 0.0006288298 0.002297905 0 0 6.689679e-06 0.0001070349 3.34484e-05 2.006904e-05 0 6.689679e-06 2.675872e-05 6.689679e-06 3.34484e-05 0 0.000334484 2.341388e-05 3.34484e-06 3.34484e-05 6.689679e-06 3.010356e-05 0.0001003452 0.0006689679 0.0007994167 1.003452e-05 0.002662492 0.008893928 0.0005585882 3.679324e-05 6.689679e-06 0 0 3.34484e-06 1.337936e-05 0 3.679324e-05 2.006904e-05 7.358647e-05 1.67242e-05 6.689679e-06 0 3.34484e-06 0
0.0003277943 4.013807e-05 0.0001438281 6.689679e-06 0 4.013807e-05 0.0003211046 0.0006121056 3.34484e-06 0.0001237591 0.06257526 4.682775e-05 0.00165904 0.0008897273 0 3.679324e-05 0.002893286 0.001284418 0.006201333 4.013807e-05 0.0004080704 0 0.0002040352 3.010356e-05 0.0002174146 0.02229001 0.003956945 0.0002307939 0.001053624 0.001381419 0.002762837 2.341388e-05 4.682775e-05 0.04270691 6.689679e-06 0.02904324 0.08828035 0.1081554 0.008455754 0.002568837 6.355195e-05 0.003933531 5.017259e-05 0 1.003452e-05 6.689679e-06 0 0 0 6.689679e-06 0 3.34484e-06 0 4.348291e-05 0 0.0005987263 3.34484e-06 0 3.34484e-06 3.34484e-06 0.0001137245 5.686227e-05 0 0 1.003452e-05 0 1.003452e-05 1.67242e-05 0.0005084156 0.0008328651 1.003452e-05 3.34484e-06 3.34484e-06 0.0001003452 0 0 3.34484e-06 3.34484e-06 0.0002542078 0.0003880014 1.337936e-05 6.689679e-06 0 0 5.351743e-05 0
0.002568837 0.0067733 0.003920152 6.689679e-06 0 8.362099e-05 0.003933531 0.004706189 2.675872e-05 0.0001806213 0.006425437 1.003452e-05 0.0002675872 0.005579192 0 0.0002976907 0.01320208 0.006201333 0.01305156 3.679324e-05 0.001843007 5.686227e-05 0.001113832 0.0002140697 0.0003880014 0.0658532 0.06773635 0.000959969 0.005518985 0.01125873 0.0001772765 0.0001070349 0.0002174146 0.03911455 3.679324e-05 0.02729724 0.03669624 0.1259733 0.01159656 0.0018798 3.34484e-05 0.0001839662 3.010356e-05 3.34484e-06 0.0004348291 0.0007458992 0 0 0 3.34484e-06 0 6.689679e-06 0 3.34484e-06 3.34484e-06 4.682775e-05 3.34484e-06 0 1.003452e-05 3.34484e-05 6.355195e-05 0.0001103797 0 1.003452e-05 2.006904e-05 2.006904e-05 4.013807e-05 3.34484e-06 0.00407067 0.003488668 6.020711e-05 3.34484e-06 3.34484e-06 6.689679e-06 0 0 1.67242e-05 0 0.0001170694 9.031067e-05 2.341388e-05 0 3.34484e-06 3.34484e-06 0 0
0.000689037 0 0.0001271039 0.02229001 8.362099e-05 0.02001886 0.009894035 0.01642651 0.01272711 0.07913556 7.693131e-05 0.08512282 0.0002843114 0.02003893 0.0008495893 3.34484e-06 5.017259e-05 4.013807e-05 3.679324e-05 0.01173704 3.34484e-06 0 3.34484e-06 0.01163001 3.34484e-06 0.0001538626 3.679324e-05 0.05531696 0.02293222 0.0002675872 0 0.006274919 3.679324e-05 0.007151267 0.0002976907 0.01225549 0.0001572075 0.02815017 0.002873217 0.01317867 0.003468599 3.34484e-05 0.0004080704 1.003452e-05 0 6.689679e-06 0.0002542078 3.34484e-06 0.0001471729 0.0007191405 0.0001605523 0.0008228305 0.000521795 0 0.0004147601 0 0.0001438281 0 0 0 0 0 0.0006288298 0 3.34484e-06 6.689679e-06 0.005013915 0 1.003452e-05 3.34484e-06 0.003682668 0.0002976907 6.689679e-06 0 0 6.689679e-06 0.0001204142 0 0.000167242 0 0.0003612427 6.020711e-05 0.0001103797 3.34484e-05 3.34484e-06 1.67242e-05
0.0002876562 1.67242e-05 0.03213722 6.689679e-06 0 1.67242e-05 0.01683458 0.0003980359 8.696583e-05 9.700035e-05 0.00136135 0 0.0005151053 0.0003880014 0 0.03421436 0.05611303 0.0004080704 0.001843007 3.34484e-06 0.09991036 0.0006990715 0.2149595 0.002699286 2.006904e-05 0.003675979 0.007656338 0.02762503 0.0005953814 0.08368789 1.003452e-05 0 2.006904e-05 0.02142704 0.0009766932 0.206022 0.05910332 0.1747344 0.04843662 0.0018798 0.0007024163 0.0003512082 0.001224211 3.34484e-05 3.34484e-06 2.006904e-05 0 0 1.337936e-05 0.001016831 0.0001271039 0.0001237591 0 0 6.689679e-06 0 0.0001940007 0 0.01556354 1.337936e-05 0 0 0 0.003334805 0.001488454 0.002110594 0.008388858 0 1.003452e-05 0.00124428 0.008204891 0.0002207594 0.0003846566 0 6.689679e-06 0 5.017259e-05 3.34484e-06 0.0003244494 1.003452e-05 0.0002374836 5.351743e-05 2.006904e-05 1.337936e-05 0 0
0 0.07669717 0.002665837 0 3.34484e-06 0 4.348291e-05 0 0.05416633 3.34484e-06 6.689679e-06 3.34484e-06 0.0007693131 6.689679e-06 0.0001137245 0.02522344 0.01010142 0 5.686227e-05 0 0.0006990715 0.00854941 0.0153294 0.04820583 0.01328236 0.001000107 0.04873766 0.001210832 1.003452e-05 9.031067e-05 0.0001572075 0 3.34484e-06 0.000521795 1.003452e-05 0.001822938 7.693131e-05 0.002632389 0.0005284847 5.351743e-05 6.689679e-06 9.365551e-05 1.003452e-05 0 0.0001204142 9.031067e-05 0 0 0 7.358647e-05 3.34484e-06 8.696583e-05 0 0 0 1.003452e-05 6.689679e-06 0 0.007950684 0 3.34484e-06 0 0 0.0003211046 0.0007760028 0.001521902 0.001903214 3.34484e-06 8.027615e-05 0.004154291 0.001083728 1.67242e-05 2.675872e-05 3.34484e-06 3.34484e-06 0 3.34484e-06 0 3.010356e-05 6.689679e-06 2.006904e-05 3.34484e-06 0 0 3.34484e-06 0
6.689679e-05 0.0001572075 0.04037221 1.003452e-05 0 6.689679e-06 0.01696503 0.0003277943 5.351743e-05 4.013807e-05 0.0006288298 0 0.0004348291 0.0001839662 0 0.05991946 0.07086712 0.0002040352 0.001113832 3.34484e-06 0.2149595 0.0153294 0.2425811 0.01194108 2.341388e-05 0.007301785 0.1770424 0.05370474 0.0001739317 0.09121043 1.003452e-05 0 1.67242e-05 0.009890691 0.0006522437 0.1784438 0.06654893 0.2043229 0.0920734 0.001685799 7.358647e-05 0.0003913462 0.001448316 6.689679e-06 0.0002976907 0.0008562789 0 0 1.003452e-05 0.0001906559 4.682775e-05 6.689679e-05 0 0 1.003452e-05 0 5.017259e-05 0 0.05003546 3.34484e-05 0 0 0 0.001123866 0.003880014 0.02838765 0.002622354 0 1.67242e-05 0.06981349 0.002317974 4.013807e-05 4.013807e-05 0 6.689679e-06 0 1.337936e-05 6.689679e-06 0.0002040352 3.679324e-05 6.355195e-05 3.010356e-05 1.003452e-05 3.34484e-06 0 0
0.008375478 0.020544 0.003659255 0.03792045 0.0001973455 0.008124615 0.1209828 0.03555899 0.1004589 0.01078042 0.0001371384 0.002672527 0.0003378288 0.03630489 0.001756041 0.02530371 0.001384764 3.010356e-05 0.0002140697 0.01163001 0.002699286 0.04820583 0.01194108 0.05328998 0.002782907 0.001080383 0.04546306 0.09244802 0.0662111 0.05086163 6.020711e-05 0.002899976 0.003267908 0.02353764 0.0001839662 0.03668286 0.007372026 0.08963167 0.00938562 0.003431805 0.003903428 0.0001003452 0.0004950363 0.0003445185 3.010356e-05 0.0002374836 0.00134797 0 0.002401595 0.02355436 0.006596024 0.02397915 0.003706082 3.34484e-05 0.007860373 0 0.005552434 2.675872e-05 0.01343622 0.0001204142 3.34484e-06 1.337936e-05 0.00270932 0.003498702 0.007428889 0.0008562789 0.2263252 1.003452e-05 0.0001505178 0.0004047256 0.133128 0.006836852 0.002876562 6.689679e-06 0.0003244494 0.0002408284 0.002505285 3.34484e-06 0.004910225 5.017259e-05 0.009827139 0.002060421 0.001120521 0.0007024163 2.341388e-05 9.700035e-05
0 0.03707086 6.689679e-06 0 0 0 3.34484e-06 0 0.01163001 1.003452e-05 0.01744668 3.34484e-06 0.06775307 0 5.686227e-05 0.000334484 5.686227e-05 0.0002174146 0.0003880014 3.34484e-06 2.006904e-05 0.01328236 2.341388e-05 0.002782907 0.005141018 0.005167777 0.0460551 4.682775e-05 3.34484e-06 6.689679e-06 0.01695834 0 0 0.0003645875 0 0.0002809665 0.001424902 0.0114728 0.0005920366 3.679324e-05 0.0002475181 0.003635841 2.675872e-05 0 0.0006020711 1.003452e-05 0 0 3.34484e-06 3.34484e-06 6.689679e-06 2.675872e-05 0 0.0005786572 0 0.007806856 6.689679e-06 0 0 6.689679e-06 0.0005385192 0.000270932 0 1.003452e-05 8.027615e-05 1.337936e-05 2.341388e-05 0.001388108 0.004548982 0.01406171 0 6.689679e-06 1.003452e-05 0.000792727 3.34484e-06 0 7.024163e-05 0 0.0001337936 0.001284418 0.0003378288 5.351743e-05 0 0 0.0003311391 0
0.006850231 0.008579514 0.02338043 4.013807e-05 3.34484e-06 0.0002809665 0.02166118 0.01740989 0.0007425544 0.001053624 0.08619652 6.020711e-05 0.005154398 0.01843676 0 0.00105028 0.1119284 0.02229001 0.0658532 0.0001538626 0.003675979 0.001000107 0.007301785 0.001080383 0.005167777 0.09203326 0.1402023 0.002652458 0.01632616 0.03381298 0.001699179 0.0004214498 0.0005518985 0.0594378 0.0002307939 0.1940676 0.346609 0.3114715 0.04515868 0.01213508 0.0001973455 0.005120949 0.0003211046 3.010356e-05 0.008786894 0.01103463 3.34484e-06 0 1.337936e-05 0.0001739317 0.00010369 0.0003880014 0 0.001157314 2.675872e-05 0.02220973 0.0001003452 3.34484e-06 0.0001070349 0.0004916914 0.007154612 0.005866849 3.34484e-06 4.013807e-05 0.0008194857 0.0001906559 0.0005820021 0.00553571 0.09254502 0.1254315 0.0003411736 6.689679e-05 0.000167242 0.003304702 0 0 0.0003946911 3.010356e-05 0.002157422 0.009188274 0.001792834 0.0002742768 2.006904e-05 3.34484e-06 0.000729175 6.689679e-06
0.001197453 0.1037736 0.2539569 1.67242e-05 1.337936e-05 8.362099e-05 0.003709427 0.0030137 0.0281602 0.0001572075 0.01479423 2.675872e-05 0.01609202 0.003629151 0.0001304487 0.07007439 0.2688983 0.003956945 0.06773635 3.679324e-05 0.007656338 0.04873766 0.1770424 0.04546306 0.0460551 0.1402023 0.2026203 0.02682896 0.003645875 0.003512082 0.007181371 7.693131e-05 0.0001505178 0.02300581 0.0004281395 0.1443332 0.08126622 0.1796948 0.04258315 0.004793155 5.686227e-05 0.001204142 0.0004281395 3.34484e-05 0.05438375 0.05842766 0 0 0 0.0004615879 0.0001170694 0.0005987263 3.34484e-06 0.001849696 3.34484e-06 0.03126422 0.0001204142 6.689679e-06 0.0265781 0.001204142 0.009877311 0.00666961 3.34484e-06 0.0003043804 0.01400484 0.02754475 0.00478981 0.01900538 0.1468652 0.4350767 0.002297905 0.0001237591 0.0003211046 0.005692917 0 6.689679e-06 0.0006221402 2.341388e-05 0.003147494 0.01102459 0.003060528 0.0005251398 3.34484e-05 3.34484e-06 0.0008997618 1.67242e-05
0.007392095 0.0003478633 0.01993524 0.02904659 9.031067e-05 0.01996869 0.3575767 0.05170788 0.05610299 0.1038138 0.0008027615 0.007545958 0.000354553 0.0437505 0.0007157957 0.009041101 0.007897166 0.0002307939 0.000959969 0.05531696 0.02762503 0.001210832 0.05370474 0.09244802 4.682775e-05 0.002652458 0.02682896 0.1152264 0.07881111 0.09158505 3.34484e-06 0.004074015 0.005398571 0.06050815 0.0007994167 0.1105938 0.03388657 0.1809792 0.02108921 0.003542185 0.004612534 0.0002341388 0.001056969 0.000374622 1.67242e-05 0.0001438281 0.0008161409 0 0.0007525889 0.01722927 0.002736079 0.007786787 0.0019768 6.689679e-06 0.002204249 6.689679e-06 0.003150839 6.689679e-06 0.01639306 9.031067e-05 6.689679e-06 2.341388e-05 0.001869765 0.005157743 0.004826604 0.00104359 0.114059 6.689679e-06 0.0001070349 0.0007392095 0.07763038 0.004211153 0.003639185 3.34484e-06 0.000187311 0.0001739317 0.001194108 6.689679e-06 0.003716117 5.017259e-05 0.005288191 0.001053624 0.0006823473 0.0003445185 1.337936e-05 5.686227e-05
0.02238032 2.675872e-05 0.001508523 0.003378288 0.0002642423 0.005809986 0.05387199 0.01176046 0.004030532 0.04857711 0.001722592 0.01313853 0.0001103797 0.07060287 0.000187311 1.003452e-05 0.01292112 0.001053624 0.005518985 0.02293222 0.0005953814 1.003452e-05 0.0001739317 0.0662111 3.34484e-06 0.01632616 0.003645875 0.07881111 0.1160392 0.09973977 3.34484e-05 0.01160659 0.02218967 0.04411509 5.686227e-05 0.01733296 0.002374836 0.04920928 0.006325092 0.006147815 0.002679217 4.682775e-05 0.0003110701 3.679324e-05 0 2.675872e-05 6.355195e-05 0 0.0003043804 0.002562147 0.0008930722 0.0009532793 0.000291001 3.34484e-06 0.0007458992 3.34484e-06 0.0007793476 0 3.34484e-05 1.67242e-05 0 3.34484e-06 0.0001371384 6.689679e-06 3.34484e-06 3.010356e-05 0.01664392 0 7.358647e-05 5.686227e-05 0.01085735 0.0006957266 0.0001237591 0 5.351743e-05 1.67242e-05 0.0002742768 6.689679e-06 0.0004649327 3.34484e-06 0.001033555 0.0002174146 0.0001304487 9.700035e-05 0 6.689679e-06
0.03557237 2.341388e-05 0.06940208 0.0003679324 3.34484e-06 0.000187311 0.0915884 0.01691485 0.002548768 0.0006823473 0.002582216 7.024163e-05 0.0002809665 0.0420045 3.34484e-06 0.005134329 0.1299872 0.001381419 0.01125873 0.0002675872 0.08368789 9.031067e-05 0.09121043 0.05086163 6.689679e-06 0.03381298 0.003512082 0.09158505 0.09973977 0.1062522 1.67242e-05 0.0004147601 0.005823366 0.108423 0.0005786572 0.1551838 0.04844666 0.2057411 0.02269139 0.001491798 0.002244387 0.0002073801 0.0008295202 0.000187311 3.34484e-06 8.027615e-05 3.010356e-05 0 0.0003411736 0.0101449 0.00167242 0.002107249 0.0002073801 1.003452e-05 0.0009532793 3.34484e-06 0.002053732 3.34484e-06 0.005779883 4.682775e-05 0 1.337936e-05 8.696583e-05 0.002358112 0.001301143 0.0003211046 0.05536044 0 5.017259e-05 0.000187311 0.04186067 0.002207594 0.001826282 0 0.0001237591 5.686227e-05 0.000709106 1.003452e-05 0.00228787 6.689679e-06 0.003287977 0.0006154505 0.0003980359 0.000270932 3.34484e-06 2.006904e-05
6.689679e-06 0.0005017259 6.689679e-06 0 0 6.689679e-06 2.341388e-05 1.67242e-05 0.0001404833 3.010356e-05 0.02333695 3.34484e-06 0.0276451 6.689679e-06 0 2.006904e-05 3.010356e-05 0.002762837 0.0001772765 0 1.003452e-05 0.0001572075 1.003452e-05 6.020711e-05 0.01695834 0.001699179 0.007181371 3.34484e-06 3.34484e-05 1.67242e-05 0.001143935 0 3.34484e-06 0.006940542 3.34484e-06 0.003348184 0.05080142 0.01548661 0.0007057612 0.0003880014 1.67242e-05 0.00406398 1.003452e-05 0 0.0002408284 0 0 0 0 6.689679e-06 0 4.348291e-05 0 0.001368039 0 0.02378181 3.34484e-06 0 3.34484e-06 3.34484e-05 0.001368039 0.0003277943 0 6.689679e-06 8.362099e-05 0 3.34484e-05 0.001782799 0.006281609 0.01601509 3.34484e-06 3.34484e-06 1.337936e-05 0.002802976 0 0 6.689679e-05 0 0.0001538626 0.006776645 0.0002876562 1.003452e-05 0 0 0.002679217 0
0.0005117605 3.34484e-06 7.693131e-05 0.0005552434 0.0003578978 0.01800862 0.004334912 0.02075138 0.000270932 0.02143708 3.34484e-05 0.008863825 6.020711e-05 0.003833186 0.003632496 0 0.0002140697 2.341388e-05 0.0001070349 0.006274919 0 0 0 0.002899976 0 0.0004214498 7.693131e-05 0.004074015 0.01160659 0.0004147601 0 3.010356e-05 1.337936e-05 0.002441733 6.689679e-06 0.01764403 0.0005151053 0.007964063 0.000561933 0.03307377 0.02225322 6.689679e-06 0.0004348291 0 3.34484e-06 0 3.34484e-06 0 1.337936e-05 0.0001371384 4.348291e-05 7.024163e-05 4.348291e-05 0 6.020711e-05 0 3.010356e-05 0 0 0 0 0 4.013807e-05 0 0 3.34484e-06 0.0007525889 0 0 3.34484e-06 0.0006388644 3.010356e-05 0 0 0 3.34484e-06 1.67242e-05 0 2.006904e-05 0 4.682775e-05 2.006904e-05 6.689679e-06 1.003452e-05 0 0
0.0003880014 0 4.682775e-05 2.006904e-05 0 1.003452e-05 0.0007258302 0.0001605523 0.0001839662 3.679324e-05 8.027615e-05 0 0 0.0004114153 0 0 0.000374622 4.682775e-05 0.0002174146 3.679324e-05 2.006904e-05 3.34484e-06 1.67242e-05 0.003267908 0 0.0005518985 0.0001505178 0.005398571 0.02218967 0.005823366 3.34484e-06 1.337936e-05 0.0005518985 0.004331567 0 0.001281074 0.000625485 0.003221081 0.0001739317 3.34484e-06 1.337936e-05 1.003452e-05 0 6.689679e-06 0 0 0 0 3.34484e-06 0.0001170694 2.341388e-05 4.013807e-05 1.003452e-05 0 4.013807e-05 0 1.67242e-05 0 3.34484e-06 0 0 0 6.689679e-06 0 3.34484e-06 6.689679e-06 0.001157314 0 0 0 0.0005920366 1.67242e-05 2.006904e-05 0 3.34484e-06 0 1.67242e-05 0 1.67242e-05 0 3.679324e-05 1.003452e-05 6.689679e-06 0 0 0
0.006776645 0.0005753124 0.005552434 0.001164004 0.0002542078 0.004411843 0.02156084 0.006860266 0.001174039 0.01690147 0.03977014 0.006395333 0.00303377 0.01502167 0.0001973455 0.002993631 0.01319539 0.04270691 0.03911455 0.007151267 0.02142704 0.000521795 0.009890691 0.02353764 0.0003645875 0.0594378 0.02300581 0.06050815 0.04411509 0.108423 0.006940542 0.002441733 0.004331567 0.01440957 0.0001170694 0.009753552 0.01957066 0.06529796 0.006024056 0.001759386 0.0003411736 0.001535281 9.031067e-05 2.675872e-05 3.34484e-06 6.355195e-05 1.67242e-05 0 8.027615e-05 0.001033555 0.0002408284 0.0003846566 6.020711e-05 6.689679e-06 0.0002843114 8.362099e-05 0.0002408284 0 0.0001772765 3.34484e-06 6.689679e-06 3.34484e-06 5.686227e-05 7.358647e-05 9.365551e-05 8.696583e-05 0.006619438 3.34484e-06 8.027615e-05 0.0003010356 0.004043911 0.0002843114 0.0001204142 1.003452e-05 1.67242e-05 1.003452e-05 7.693131e-05 1.003452e-05 0.0001906559 1.337936e-05 0.0003077252 8.027615e-05 5.017259e-05 5.351743e-05 6.689679e-06 3.34484e-06
3.34484e-06 0 4.013807e-05 6.689679e-06 0 4.682775e-05 7.358647e-05 3.010356e-05 0 0.0002174146 1.67242e-05 0.0002642423 0.0005452089 6.020711e-05 0 0.0004515533 1.67242e-05 6.689679e-06 3.679324e-05 0.0002976907 0.0009766932 1.003452e-05 0.0006522437 0.0001839662 0 0.0002307939 0.0004281395 0.0007994167 5.686227e-05 0.0005786572 3.34484e-06 6.689679e-06 0 0.0001170694 0.07611182 0.09357858 0.001164004 0.005458778 0.01190428 0.0001638971 5.017259e-05 6.020711e-05 0.001063659 0 0 0 0 0 0 6.689679e-06 0 0 0 0 0 0 0 0 5.017259e-05 3.34484e-06 0 0 0 2.341388e-05 0 6.689679e-06 7.358647e-05 0 0 4.682775e-05 5.017259e-05 3.34484e-06 0 0 0 0 0 0.02483543 0.0002241043 3.34484e-06 0.0003478633 0.0002475181 0 6.689679e-06 3.34484e-06 1.67242e-05
0.002057076 0.0004716224 0.02197225 0.001070349 0.0003077252 0.00355222 0.01137914 0.005933745 0.00105028 0.01658371 0.01404498 0.004910225 0.01725268 0.01082056 6.020711e-05 0.07295095 0.006542506 0.02904324 0.02729724 0.01225549 0.206022 0.001822938 0.1784438 0.03668286 0.0002809665 0.1940676 0.1443332 0.1105938 0.01733296 0.1551838 0.003348184 0.01764403 0.001281074 0.009753552 0.09357858 0.07565024 0.3362768 0.2053397 0.05544741 0.07102767 0.01642316 0.01916593 0.007268336 6.355195e-05 9.031067e-05 0.0002675872 6.689679e-06 0 8.362099e-05 0.002458457 0.0004047256 0.0008161409 4.013807e-05 3.34484e-05 0.0001572075 6.689679e-05 0.0003946911 0 0.0076162 4.682775e-05 0.0001605523 0.0001137245 3.34484e-05 0.001227556 0.001190763 0.002468492 0.01719582 1.003452e-05 0.0007659683 0.005097536 0.01165342 0.0005485537 0.0005050708 4.013807e-05 1.003452e-05 3.34484e-05 0.0001839662 0.003063873 0.001277729 0.003762945 0.0008663135 0.0002107249 7.693131e-05 5.351743e-05 4.013807e-05 5.351743e-05
0.0001371384 0.0001772765 0.04176367 1.337936e-05 6.689679e-06 0.0002006904 0.0009900725 0.000374622 7.024163e-05 0.0003779669 0.130034 0.0001605523 0.05444061 0.0006723128 3.34484e-06 0.02578537 0.03611423 0.08828035 0.03669624 0.0001572075 0.05910332 7.693131e-05 0.06654893 0.007372026 0.001424902 0.346609 0.08126622 0.03388657 0.002374836 0.04844666 0.05080142 0.0005151053 0.000625485 0.01957066 0.001164004 0.3362768 0.08388858 0.2219937 0.02889941 0.04605844 0.006167884 0.002695941 0.002030318 0 5.686227e-05 2.006904e-05 0 0 3.34484e-06 0.0002274491 3.010356e-05 7.358647e-05 0 0.001103797 3.34484e-06 0.006776645 2.675872e-05 0 0.001444971 6.689679e-06 0.0002140697 4.348291e-05 0 0.0004548982 0.0003311391 8.362099e-05 0.002331353 0.0001304487 0.001097107 0.002361457 0.001986835 6.689679e-05 0.0001070349 0.0004615879 6.689679e-06 0 9.365551e-05 0.00010369 0.006147815 0.0008228305 0.0005251398 1.337936e-05 1.003452e-05 3.34484e-06 0.0004348291 3.34484e-06
0.009322068 0.002157422 0.04946349 0.004053946 5.017259e-05 0.004957052 0.03998756 0.01339943 0.004281395 0.04153622 0.0895447 0.01460022 0.01633285 0.02876562 6.689679e-05 0.037693 0.006759921 0.1081554 0.1259733 0.02815017 0.1747344 0.002632389 0.2043229 0.08963167 0.0114728 0.3114715 0.1796948 0.1809792 0.04920928 0.2057411 0.01548661 0.007964063 0.003221081 0.06529796 0.005458778 0.2053397 0.2219937 0.05035656 0.006117712 0.01380415 0.001174039 0.008117926 0.001645661 6.689679e-05 0.0001070349 0.0003010356 9.031067e-05 0 0.0002876562 0.004826604 0.001170694 0.001535281 0.0003880014 2.341388e-05 0.001083728 0.0002374836 0.00114728 6.689679e-06 0.002542078 2.675872e-05 2.675872e-05 2.675872e-05 0.0002374836 0.0002575526 0.0004348291 0.001187418 0.0299129 6.355195e-05 0.0004816569 0.003963635 0.01682789 0.001127211 0.0005351743 2.341388e-05 8.696583e-05 3.679324e-05 0.0004080704 0.0004615879 0.005910332 7.024163e-05 0.001608868 0.0003478633 0.0002040352 0.0001103797 3.010356e-05 2.675872e-05
0.0009900725 0.0001772765 0.006181264 0.0004080704 3.34484e-06 0.001448316 0.005328329 0.001495143 0.0003445185 0.01088745 0.008997618 0.002970218 0.0008027615 0.004839983 1.003452e-05 0.01480426 0.001685799 0.008455754 0.01159656 0.002873217 0.04843662 0.0005284847 0.0920734 0.00938562 0.0005920366 0.04515868 0.04258315 0.02108921 0.006325092 0.02269139 0.0007057612 0.000561933 0.0001739317 0.006024056 0.01190428 0.05544741 0.02889941 0.006117712 0.0004013807 0.003017045 9.700035e-05 0.0006221402 0.000270932 6.689679e-06 2.006904e-05 4.348291e-05 3.34484e-06 0 2.006904e-05 0.0006087608 0.0001304487 0.0001772765 2.675872e-05 0 8.362099e-05 1.337936e-05 0.0001304487 0 0.001478419 0 3.34484e-06 0 2.006904e-05 0.0001003452 0.0001337936 0.0006790024 0.003639185 0 9.700035e-05 0.001638971 0.002207594 0.0001471729 8.696583e-05 0 6.689679e-06 1.003452e-05 3.679324e-05 0.001307832 0.0008194857 1.337936e-05 0.0002475181 0.0001070349 2.675872e-05 2.006904e-05 0 1.003452e-05
8.027615e-05 5.351743e-05 0.0004916914 0.0009298654 0.02444074 0.02621351 0.001000107 0.02285863 0.002348077 0.01355663 0.0008462444 0.02464478 0.001404833 0.01953386 0.01270705 0.0006823473 0.0001438281 0.002568837 0.0018798 0.01317867 0.0018798 5.351743e-05 0.001685799 0.003431805 3.679324e-05 0.01213508 0.004793155 0.003542185 0.006147815 0.001491798 0.0003880014 0.03307377 3.34484e-06 0.001759386 0.0001638971 0.07102767 0.04605844 0.01380415 0.003017045 0.008385513 0.001702523 0.0009031067 0.0002976907 3.34484e-06 3.34484e-06 2.006904e-05 4.348291e-05 0 4.013807e-05 0.000187311 6.020711e-05 6.020711e-05 0.0001271039 0 0.0001204142 6.689679e-06 4.682775e-05 0 7.358647e-05 3.34484e-06 3.34484e-06 3.34484e-06 8.696583e-05 1.67242e-05 1.337936e-05 2.006904e-05 0.001384764 0 1.003452e-05 8.362099e-05 0.001063659 8.027615e-05 3.34484e-06 3.34484e-06 3.34484e-06 0 3.34484e-05 1.337936e-05 0.0001973455 0 0.00010369 1.337936e-05 2.006904e-05 1.003452e-05 0 6.689679e-06
8.696583e-05 0 4.013807e-05 0.0004348291 0.001705868 0.005227984 0.003060528 0.001224211 0.000291001 0.01028873 0.000270932 0.004575741 0.0003378288 0.001053624 0.000812796 0.0001705868 7.024163e-05 6.355195e-05 3.34484e-05 0.003468599 0.0007024163 6.689679e-06 7.358647e-05 0.003903428 0.0002475181 0.0001973455 5.686227e-05 0.004612534 0.002679217 0.002244387 1.67242e-05 0.02225322 1.337936e-05 0.0003411736 5.017259e-05 0.01642316 0.006167884 0.001174039 9.700035e-05 0.001702523 1.67242e-05 0.002033662 4.682775e-05 0 0 3.34484e-06 1.003452e-05 0 3.34484e-05 0.000291001 8.027615e-05 9.700035e-05 2.675872e-05 0 0.0001271039 0 5.017259e-05 0 3.34484e-06 0 0 0 3.010356e-05 6.689679e-06 6.689679e-06 3.34484e-06 0.001692489 0 0 3.34484e-06 0.001053624 6.689679e-05 2.006904e-05 0 3.34484e-06 0 3.34484e-05 1.67242e-05 0.0001538626 0 7.358647e-05 2.675872e-05 6.689679e-06 3.34484e-06 0 6.689679e-06
1.337936e-05 0.001709213 6.355195e-05 6.689679e-06 0 6.689679e-05 6.020711e-05 2.341388e-05 8.696583e-05 0.0002107249 0.0401247 8.696583e-05 0.01358339 2.675872e-05 6.689679e-06 9.031067e-05 0.0001003452 0.003933531 0.0001839662 3.34484e-05 0.0003512082 9.365551e-05 0.0003913462 0.0001003452 0.003635841 0.005120949 0.001204142 0.0002341388 4.682775e-05 0.0002073801 0.00406398 6.689679e-06 1.003452e-05 0.001535281 6.020711e-05 0.01916593 0.002695941 0.008117926 0.0006221402 0.0009031067 0.002033662 5.351743e-05 0.0001404833 0 6.689679e-06 0 0 0 0 0 3.34484e-06 3.34484e-06 0 6.689679e-05 0 0.0003311391 0 0 6.689679e-06 0 6.689679e-06 3.34484e-06 0 0 0 3.34484e-06 2.341388e-05 2.341388e-05 3.010356e-05 6.689679e-05 2.006904e-05 0 0 3.34484e-05 0 0 3.34484e-06 2.675872e-05 0.00134797 7.024163e-05 1.67242e-05 3.34484e-06 3.34484e-06 0 3.010356e-05 0
3.010356e-05 0 8.027615e-05 4.348291e-05 1.337936e-05 0.0002374836 0.0003110701 0.0001839662 3.34484e-05 0.001030211 5.017259e-05 0.0003946911 0.0001237591 0.000270932 0 0.0004415188 2.341388e-05 5.017259e-05 3.010356e-05 0.0004080704 0.001224211 1.003452e-05 0.001448316 0.0004950363 2.675872e-05 0.0003211046 0.0004281395 0.001056969 0.0003110701 0.0008295202 1.003452e-05 0.0004348291 0 9.031067e-05 0.001063659 0.007268336 0.002030318 0.001645661 0.000270932 0.0002976907 4.682775e-05 0.0001404833 3.34484e-06 0 0 0 0 0 3.34484e-06 3.34484e-05 1.003452e-05 3.34484e-06 6.689679e-06 0 6.689679e-06 0 2.006904e-05 0 3.679324e-05 0 0 0 3.34484e-06 3.34484e-06 6.689679e-06 1.337936e-05 0.0001705868 0 0 3.34484e-05 0.0001404833 6.689679e-06 0 0 0 0 3.34484e-06 1.337936e-05 8.362099e-05 0 3.34484e-06 6.689679e-06 3.34484e-06 6.689679e-06 0 0
3.34484e-06 0 6.689679e-06 6.689679e-06 0 3.34484e-06 9.700035e-05 6.689679e-06 4.013807e-05 6.689679e-06 0 0 6.689679e-06 1.337936e-05 0 3.34484e-05 0 0 3.34484e-06 1.003452e-05 3.34484e-05 0 6.689679e-06 0.0003445185 0 3.010356e-05 3.34484e-05 0.000374622 3.679324e-05 0.000187311 0 0 6.689679e-06 2.675872e-05 0 6.355195e-05 0 6.689679e-05 6.689679e-06 3.34484e-06 0 0 0 0.008947446 6.689679e-06 0.0004415188 0.0001170694 3.34484e-06 9.700035e-05 0.0329266 0.03501044 6.355195e-05 0.0003913462 4.682775e-05 1.337936e-05 0 0.1222673 3.34484e-06 3.679324e-05 0.001063659 0.0001772765 0.0009566241 0.0002274491 0.0002408284 6.689679e-06 0.0002742768 0.00303377 0 0.003328115 0.004037221 0.003498702 0.03276939 0.01789489 6.689679e-06 4.682775e-05 0.0004916914 0.002705975 1.003452e-05 0.002471836 0.0001605523 0.005064087 0.0005652779 3.34484e-05 4.013807e-05 0 3.34484e-06
