0.0403356 9.665852e-06 0.004188536 0.0002094268 9.665852e-06 0.001494985 0.09259886 0.003350829 0.001037468 0.004887699 0.0002964194 0.0001449878 2.899755e-05 0.07137909 1.610975e-05 2.255365e-05 0.05271111 0.0005541755 0.003908226 0.0001868731 0.009527308 4.832926e-05 0.02409375 0.005828508 0 0.004517175 0.0007088291 0.01789794 0.112401 0.08314565 0 0.0017173 0.004626721 0.01279114 0 0.0007378267 0.0003415268 0.002870758 0.0002545341 8.377071e-05 1.93317e-05 6.443901e-06 0 3.221951e-06 0 3.221951e-06 3.221951e-06 0 9.665852e-06 0.0002384243 1.93317e-05 0.0004156316 9.665852e-06 1.28878e-05 0 0 1.93317e-05 3.221951e-06 5.477316e-05 1.610975e-05 0 0 3.221951e-06 7.410486e-05 8.054876e-05 2.255365e-05 0.002045939 0 6.443901e-06 4.510731e-05 0.001627085 5.799511e-05 6.443901e-06 0 3.221951e-06 0 2.57756e-05 0 0.0001707634 9.665852e-06 8.699266e-05 1.610975e-05 1.610975e-05 0 0 0
9.665852e-06 0.002661331 0.002532453 3.221951e-06 2.57756e-05 2.255365e-05 0.0001772073 6.443901e-06 0.05483115 1.93317e-05 0.0006411682 4.510731e-05 0.02557584 2.57756e-05 0.0003093072 0.01170535 0.0002223146 9.665852e-06 1.93317e-05 3.221951e-06 0.0004478511 0.06228353 0.0004446292 0.07473636 0.02822106 0.02554685 0.07885079 0.002603336 4.188536e-05 0.0005896169 0.0002126487 0 3.221951e-06 0.000325417 0 0.0007023852 0.001137349 0.00166897 0.0002931975 0.0002674219 9.665852e-06 0.007049628 0 0 0.0001127683 0.0002158707 9.665852e-06 0 6.443901e-06 0.0001900951 1.93317e-05 0.0001321 1.93317e-05 0.0001610975 0 0.0002255365 9.665852e-06 0 5.799511e-05 0.0009859169 0.0001031024 0.0003962999 0 5.799511e-05 2.57756e-05 0.0005412877 0.0003962999 0.0001417658 0.0008409291 0.0137384 0.0003189731 2.57756e-05 3.221951e-06 3.866341e-05 0 0 9.988047e-05 3.221951e-06 0.0003028633 8.699266e-05 0.0002545341 3.221951e-05 6.443901e-06 0 3.221951e-06 0
0.004188536 0.002532453 0.0578179 0.002574338 8.699266e-05 0.01936714 0.1262844 0.03223239 0.0003157511 0.02974827 0.0004994023 0.0005251779 0.0005026243 0.05070706 0.0003866341 0.0002964194 0.1770591 0.001143792 0.008609052 0.0001868731 0.03377571 0.0006798316 0.2293997 0.008431844 1.28878e-05 0.1277503 0.07048017 0.05212794 0.00584784 0.0113316 9.665852e-06 0.002371356 0.0002029829 0.03126259 0.0003060853 0.06448734 0.04055469 0.0854268 0.007126955 0.001633529 0.0002062048 0.0003737463 0.0002319804 9.665852e-06 0.001855843 0.005454762 1.93317e-05 0 2.255365e-05 0.0006250584 0.0001224341 4.832926e-05 5.155121e-05 1.93317e-05 6.443901e-06 5.477316e-05 0.0001095463 0 0.0002770877 0.01330343 6.443901e-06 0.0001868731 1.28878e-05 0.0004027438 0.0003221951 0.005641635 0.0007925998 8.054876e-05 0.002690329 0.07549997 0.0006218364 1.28878e-05 1.610975e-05 9.665852e-06 3.221951e-06 0 0.0005058462 0.0002126487 0.002029829 0.0001546536 0.001230785 0.0003383048 2.899755e-05 0 3.221951e-06 6.443901e-06
0.0002094268 3.221951e-06 0.002574338 0.02300795 0.0004671828 0.01800426 0.0007474925 0.002870758 0.01790116 0.07744925 0.0001224341 0.02293707 9.343656e-05 0.005667411 0.005738294 3.221951e-06 0.0005992828 7.732681e-05 9.343656e-05 0.05007555 0.0001095463 1.28878e-05 0.0002062048 0.03706854 0 0.001063244 0.0003415268 0.06986155 0.004607389 0.0002094268 6.443901e-06 0.001105129 4.188536e-05 0.001636751 6.443901e-06 0.002203814 0.0001417658 0.00771335 0.000328639 0.00401455 0.0003157511 1.28878e-05 2.899755e-05 9.665852e-06 0 3.221951e-06 0.003869563 1.610975e-05 0.0009569193 0.002790209 0.000257756 0.005950943 0.003673024 0 0.0006766096 0 7.088291e-05 2.899755e-05 1.93317e-05 3.221951e-06 3.221951e-06 0 0.001726965 3.866341e-05 2.899755e-05 3.544146e-05 0.01325188 0 6.443901e-06 7.088291e-05 0.01110284 0.0001321 9.665852e-06 0 2.255365e-05 0 9.021461e-05 3.221951e-06 0.0001868731 3.221951e-06 0.0002287585 1.93317e-05 0.0003962999 9.665852e-06 0 3.221951e-06
9.665852e-06 2.57756e-05 8.699266e-05 0.0004671828 5.155121e-05 0.007291274 0.0003447487 0.002906199 0.003811567 0.001008471 0.0001321 0.003083407 1.28878e-05 0.0001578756 0.01713433 0 9.665852e-06 3.544146e-05 1.610975e-05 0.0003801902 0 3.221951e-05 6.443901e-06 0.002838538 6.443901e-06 7.410486e-05 5.155121e-05 0.001366107 3.544146e-05 3.221951e-06 6.443901e-06 0.0003673024 3.221951e-06 0.0004414072 3.221951e-06 0.0001804292 0 0.0004252975 0 0.03543501 0.0002255365 0 0 0 0 0 3.866341e-05 0 3.221951e-06 6.443901e-06 0 2.255365e-05 1.93317e-05 0 1.93317e-05 0 0 0 3.221951e-06 0 0 0 4.188536e-05 0 3.221951e-06 0 9.343656e-05 0 0 0 9.343656e-05 0 0 0 0 0 3.221951e-06 0 3.221951e-06 0 3.221951e-06 0 2.57756e-05 0 0 0
0.001494985 2.255365e-05 0.01936714 0.01800426 0.007291274 0.2306272 0.09854013 0.1206878 0.004491399 0.3801837 0.0009279217 0.1443241 0.0008119315 0.04855157 0.02997703 1.28878e-05 0.003908226 0.0005283999 0.0005960608 0.02985459 0.001878397 2.57756e-05 0.002896534 0.007487813 0 0.003747128 0.001034246 0.06434557 0.01859388 0.0009150339 1.93317e-05 0.05447674 0.0002062048 0.008857142 4.188536e-05 0.007378267 0.0002126487 0.02642644 0.001198566 0.05254679 0.001656083 2.899755e-05 0.0001224341 3.221951e-06 6.443901e-06 2.57756e-05 0.001604531 3.221951e-06 0.0005090682 0.002062048 0.0001804292 0.001591644 0.001639973 6.443901e-06 0.0002480902 6.443901e-06 7.732681e-05 6.443901e-06 4.188536e-05 9.665852e-06 0 0 0.000718495 3.866341e-05 2.57756e-05 2.255365e-05 0.006940081 0 3.221951e-06 0.0001772073 0.006286025 0.0001610975 3.221951e-06 0 9.665852e-06 0 0.0001159902 6.443901e-06 0.0002352024 3.221951e-06 0.0002480902 2.255365e-05 0.0001482097 0 0 6.443901e-06
0.09259886 0.0001772073 0.1262844 0.0007474925 0.0003447487 0.09854013 0.2263968 0.07869614 0.01125105 0.09296616 0.0007120511 0.002480902 0.0005799511 0.2714977 0.00247768 0.0003608585 0.0346553 0.0004091877 0.001781739 0.0004124097 0.07486524 0.001034246 0.07461393 0.05080372 2.899755e-05 0.02002442 0.01761118 0.395546 0.119035 0.1727417 1.610975e-05 0.009060125 0.008254637 0.03550912 0.0004704048 0.09015018 0.003724575 0.08832333 0.01738242 0.008586498 0.001234007 0.0002674219 0.000779712 2.57756e-05 3.544146e-05 0.0001610975 0.0007668242 2.255365e-05 0.0007378267 0.006894974 0.0003576365 0.002970638 0.001143792 5.155121e-05 0.0001256561 6.443901e-06 0.0002255365 9.665852e-06 0.0008699266 0.0001095463 6.443901e-06 1.610975e-05 0.0004220755 0.0005896169 0.0007281608 0.0009021461 0.02298539 9.665852e-06 8.377071e-05 0.001907395 0.0188323 0.0007893779 7.410486e-05 0 4.832926e-05 9.665852e-06 0.000586395 6.443901e-05 0.001955724 2.255365e-05 0.001633529 0.0001546536 0.0002062048 4.832926e-05 6.443901e-06 2.57756e-05
0.003350829 6.443901e-06 0.03223239 0.002870758 0.002906199 0.1206878 0.07869614 0.1765822 0.0006379462 0.08490806 0.004262641 0.02860448 0.001346775 0.1888965 0.0009021461 9.665852e-06 0.02145497 0.002184482 0.002909421 0.01161191 0.00417887 2.899755e-05 0.01474365 0.00507135 2.255365e-05 0.007819674 0.002500234 0.01537193 0.01483386 0.006820869 0.0001417658 0.04985002 0.0001514317 0.01573923 4.832926e-05 0.00419498 0.0003576365 0.02145819 0.000583173 0.006691991 0.001562646 6.121706e-05 8.054876e-05 6.443901e-06 1.28878e-05 3.221951e-06 9.021461e-05 3.221951e-06 4.510731e-05 0.0005316218 3.866341e-05 0.000260978 6.766096e-05 3.221951e-06 9.665852e-06 3.221951e-06 1.93317e-05 3.221951e-06 1.93317e-05 3.221951e-05 0 0 3.544146e-05 1.610975e-05 2.255365e-05 2.57756e-05 0.001720522 0 1.28878e-05 0.0001739853 0.001472431 5.799511e-05 9.665852e-06 0 0 0 3.544146e-05 0 0.000193317 0 0.0001546536 2.255365e-05 2.255365e-05 9.665852e-06 0 3.221951e-06
0.001037468 0.05483115 0.0003157511 0.01790116 0.003811567 0.004491399 0.01125105 0.0006379462 0.002342358 0.01474042 0.000257756 0.01222408 0.01022325 0.002548563 0.01343231 8.699266e-05 0.0001449878 9.665852e-06 1.28878e-05 0.008215974 0.0002029829 0.0866898 0.0002094268 0.1006634 0.01182778 0.000389856 0.008235305 0.05288187 0.004304526 0.006398794 0.0001514317 0.0002448682 0.0004381853 0.001733409 5.155121e-05 0.006382684 0.000782934 0.004088655 0.001195344 0.002091046 0.0001031024 0.0008022657 5.799511e-05 3.866341e-05 3.221951e-05 3.866341e-05 0.002374578 3.221951e-06 0.0004414072 0.002606558 0.0001224341 0.001881619 0.002123265 4.510731e-05 0.0004027438 6.443901e-05 6.766096e-05 2.255365e-05 0.001166346 1.93317e-05 9.665852e-06 6.443901e-06 0.001011692 0.0007442706 0.0007539364 0.0002480902 0.02569828 1.28878e-05 2.57756e-05 0.0005606194 0.0147082 0.0003834121 3.544146e-05 3.221951e-06 2.57756e-05 3.221951e-06 0.000257756 6.443901e-06 0.0008699266 2.57756e-05 0.0006637218 8.699266e-05 0.0001578756 1.610975e-05 3.221951e-06 1.610975e-05
0.004887699 1.93317e-05 0.02974827 0.07744925 0.001008471 0.3801837 0.09296616 0.08490806 0.01474042 0.3363652 0.001929948 0.1083349 0.001308112 0.1107256 0.009868834 3.221951e-05 0.00614426 0.0009182559 0.0008860364 0.1081061 0.002851426 4.510731e-05 0.004861923 0.02397453 9.665852e-06 0.006427791 0.001958946 0.1031346 0.06527027 0.001607753 6.121706e-05 0.01984722 0.0005058462 0.02268253 9.988047e-05 0.02168373 0.0006121706 0.09558883 0.003595697 0.02688718 0.004385075 0.0001095463 0.000457517 1.610975e-05 9.665852e-06 2.57756e-05 0.008534947 9.665852e-06 0.002274697 0.008422179 0.0007346047 0.009031127 0.008022657 4.188536e-05 0.001462766 3.221951e-06 0.0001739853 3.866341e-05 8.054876e-05 3.221951e-05 0 1.28878e-05 0.003679467 6.443901e-05 6.121706e-05 9.343656e-05 0.03189087 3.221951e-06 3.221951e-05 0.0002416463 0.02834994 0.0004994023 2.57756e-05 0 5.155121e-05 1.28878e-05 0.0004124097 3.221951e-06 0.0007603803 2.255365e-05 0.0008280413 0.0001127683 0.000782934 3.221951e-05 3.221951e-06 6.443901e-06
0.0002964194 0.0006411682 0.0004994023 0.0001224341 0.0001321 0.0009279217 0.0007120511 0.004262641 0.000257756 0.001929948 0.1488831 0.001614197 0.1007826 0.002132931 3.544146e-05 9.343656e-05 0.0006572779 0.0507715 0.01336143 0.0007120511 0.0009891388 0.0002287585 0.00222959 0.0003479707 0.001978278 0.07244878 0.02314649 0.0005896169 0.004281972 0.0005412877 0.007526476 0.004797484 0.0001385439 0.06814748 6.443901e-06 0.001839734 0.07694018 0.0985788 0.006856311 0.0008860364 0.001163124 0.03892116 3.221951e-06 0 0.0001353219 3.221951e-06 0 0 3.221951e-06 1.93317e-05 0 9.665852e-06 3.221951e-06 0.001862287 6.443901e-06 0.005822065 3.221951e-06 0 1.28878e-05 1.93317e-05 0.0003801902 6.766096e-05 0 3.221951e-06 5.477316e-05 9.665852e-06 9.021461e-05 0.0006894974 0.0005509535 0.001478875 6.443901e-05 0 0 0.0005445096 3.221951e-06 0 4.832926e-05 3.221951e-06 0.0001675414 0.001314556 0.0002835316 4.188536e-05 0 0 0.0005122901 0
0.0001449878 4.510731e-05 0.0005251779 0.02293707 0.003083407 0.1443241 0.002480902 0.02860448 0.01222408 0.1083349 0.001614197 0.1240097 0.001301668 0.03450387 0.02471236 3.221951e-06 0.0002867536 0.0007764901 0.0005767291 0.09469635 6.443901e-05 3.866341e-05 0.0001321 0.003089851 1.610975e-05 0.001037468 0.0006025047 0.01008148 0.01680892 0.0001063244 3.866341e-05 0.02328181 2.57756e-05 0.008889361 0 0.002555007 0.0001159902 0.04663773 0.0001997609 0.06641084 0.002168373 2.255365e-05 7.410486e-05 3.221951e-06 0 0 0.002822429 0 0.0003157511 0.000654056 7.088291e-05 0.001836512 0.001675414 0 0.000718495 3.221951e-06 1.93317e-05 1.610975e-05 0 3.221951e-06 0 0 0.0008087096 0 3.221951e-06 9.665852e-06 0.00351837 0 0 1.93317e-05 0.003837343 4.188536e-05 3.221951e-06 0 3.221951e-06 0 4.188536e-05 0 9.343656e-05 3.221951e-06 7.732681e-05 1.28878e-05 0.000650834 3.221951e-06 0 0
2.899755e-05 0.02557584 0.0005026243 9.343656e-05 1.28878e-05 0.0008119315 0.0005799511 0.001346775 0.01022325 0.001308112 0.1007826 0.001301668 0.07314794 0.0007474925 0.0001321 0.001375773 0.0001353219 0.001781739 0.0006347242 0.0005509535 0.0005155121 0.01028447 0.0004704048 0.01042301 0.06921394 0.0241904 0.03985875 0.001047134 0.0009150339 0.0002384243 0.01174079 0.001743075 3.221951e-06 0.03377893 0.001330666 0.02555329 0.122824 0.1223503 0.01843922 0.001897729 0.0002964194 0.03162989 0.0001449878 0 0.0008570388 1.28878e-05 0 0 9.665852e-06 4.510731e-05 9.665852e-06 8.699266e-05 1.28878e-05 0.01202432 9.665852e-06 0.0376646 6.443901e-06 3.221951e-06 1.610975e-05 2.255365e-05 0.002036273 0.0002931975 9.665852e-06 9.665852e-06 0.0003318609 1.610975e-05 0.000328639 0.006315023 0.003163955 0.008602608 0.0001514317 1.93317e-05 3.221951e-06 0.003830899 6.443901e-06 0 0.0002867536 9.021461e-05 0.0009279217 0.005844618 0.001507873 0.0002094268 0 0 0.001523983 3.221951e-06
0.07137909 2.57756e-05 0.05070706 0.005667411 0.0001578756 0.04855157 0.2714977 0.1888965 0.002548563 0.1107256 0.002132931 0.03450387 0.0007474925 0.3006176 0.001295224 3.544146e-05 0.09030805 0.001659305 0.006344021 0.01681214 0.01475976 9.665852e-05 0.05412555 0.01703767 9.665852e-06 0.01256883 0.002120043 0.05234381 0.05363903 0.06720344 4.188536e-05 0.02824684 0.0005606194 0.01988588 1.610975e-05 0.01478553 0.001053578 0.0222669 0.0007023852 0.0112575 0.0009214778 5.799511e-05 0.0001192122 1.93317e-05 6.443901e-06 1.28878e-05 0.0001997609 9.665852e-06 7.410486e-05 0.001201788 5.155121e-05 0.00107291 0.0001159902 9.665852e-06 1.93317e-05 0 4.188536e-05 3.221951e-06 0.0001707634 2.899755e-05 3.221951e-06 6.443901e-06 4.510731e-05 7.732681e-05 0.0001063244 6.766096e-05 0.006511562 3.221951e-06 9.665852e-06 0.0002255365 0.005390323 0.0001449878 4.510731e-05 0 1.28878e-05 3.221951e-06 9.988047e-05 0 0.0009375876 0 0.0003447487 3.544146e-05 8.054876e-05 2.57756e-05 0 6.443901e-06
1.610975e-05 0.0003093072 0.0003866341 0.005738294 0.01713433 0.02997703 0.00247768 0.0009021461 0.01343231 0.009868834 3.544146e-05 0.02471236 0.0001321 0.001295224 0.007661798 0 3.544146e-05 1.93317e-05 1.93317e-05 0.006930416 2.57756e-05 0.0003350829 3.866341e-05 0.02288229 7.732681e-05 0.0001063244 0.0001578756 0.01126072 0.0004994023 1.93317e-05 0 0.006669438 6.443901e-06 0.0005606194 0 0.000196539 6.443901e-06 0.0008538169 1.93317e-05 0.0196829 0.0001675414 1.28878e-05 0 3.221951e-06 0 0 0.0003544146 3.221951e-06 7.732681e-05 0.0001127683 9.665852e-06 0.0003995219 0.0003544146 0 0.000193317 0 6.443901e-06 0 6.443901e-06 0 0 0 0.000196539 6.443901e-06 9.665852e-06 3.221951e-06 0.0005960608 0 3.221951e-06 1.610975e-05 0.0006250584 9.665852e-06 3.221951e-06 0 0 0 3.221951e-06 0 9.665852e-06 0 6.443901e-06 3.221951e-06 0.0002674219 0 0 0
2.255365e-05 0.01170535 0.0002964194 3.221951e-06 0 1.28878e-05 0.0003608585 9.665852e-06 8.699266e-05 3.221951e-05 9.343656e-05 3.221951e-06 0.001375773 3.544146e-05 0 0.02537608 0.003160733 6.121706e-05 0.0004059658 3.221951e-06 0.009189003 0.05688998 0.01619675 0.02049161 0.00153687 0.00180107 0.1190801 0.01221441 0.0001031024 0.003028633 3.544146e-05 9.665852e-06 1.93317e-05 0.003602141 0.0002931975 0.06217398 0.021049 0.01604531 0.007043184 0.0009182559 9.665852e-06 0.0001643195 0.0003350829 3.221951e-06 0.0003447487 0.002074936 0 0 1.93317e-05 0.001433768 0.0001031024 9.665852e-06 9.665852e-06 6.443901e-06 0 9.665852e-06 4.510731e-05 6.443901e-06 0.03700088 0.0004446292 1.28878e-05 2.57756e-05 3.221951e-06 0.006173257 0.02148074 0.05418999 0.004433404 1.610975e-05 0.0001514317 0.04928618 0.00480715 6.443901e-05 3.866341e-05 0 0 0 0.0001224341 6.443901e-05 0.0009698071 0.0001643195 0.0006443901 0.0001224341 3.221951e-05 0 0 9.665852e-06
0.05271111 0.0002223146 0.1770591 0.0005992828 9.665852e-06 0.003908226 0.0346553 0.02145497 0.0001449878 0.00614426 0.0006572779 0.0002867536 0.0001353219 0.09030805 3.544146e-05 0.003160733 0.01600021 0.008863586 0.06228675 0.0001578756 0.02289196 0.000583173 0.03443299 0.006869198 3.221951e-06 0.03036688 0.1993292 0.01932526 0.06310834 0.02664553 6.443901e-06 0.002745102 0.003296055 0.0169829 7.732681e-05 0.02990292 0.07579961 0.02378444 0.002944863 0.000328639 7.410486e-05 0.0002706438 9.343656e-05 0 0.0002158707 0.0005412877 3.221951e-06 0 3.221951e-06 0.0001192122 1.28878e-05 3.544146e-05 9.665852e-06 1.93317e-05 3.221951e-06 1.28878e-05 0 0 0.0002706438 0.002013719 6.443901e-06 0.0001127683 0 0.0001836512 0.0002835316 0.0008667047 0.0002738658 1.93317e-05 0.000518734 0.008367405 0.0001739853 9.665852e-06 9.665852e-06 0 3.221951e-06 0 0.0001482097 6.121706e-05 0.0003479707 1.93317e-05 0.0002513121 4.510731e-05 6.443901e-06 0 0 3.221951e-06
0.0005541755 9.665852e-06 0.001143792 7.732681e-05 3.544146e-05 0.0005283999 0.0004091877 0.002184482 9.665852e-06 0.0009182559 0.0507715 0.0007764901 0.001781739 0.001659305 1.93317e-05 6.121706e-05 0.008863586 0.003250948 0.006807981 0.0003189731 0.000586395 9.665852e-06 0.001317778 0.0001192122 5.477316e-05 0.09022428 0.00979473 0.0003479707 0.002670997 0.0002513121 0.000518734 0.00208138 8.054876e-05 0.02987393 9.665852e-06 0.00153687 0.05673533 0.08981509 0.004256197 0.0003544146 0.0004478511 0.003453931 3.221951e-06 0 3.544146e-05 3.221951e-06 0 3.221951e-06 3.221951e-06 6.443901e-06 0 6.443901e-06 0 0.00232947 0 0.001540092 3.221951e-06 0 0 4.188536e-05 0.0007958218 0.0001868731 0 3.221951e-06 6.443901e-06 1.93317e-05 2.57756e-05 0.0006379462 0.001114795 0.003247726 2.899755e-05 9.665852e-06 3.221951e-06 0.0004188536 3.221951e-06 0 0.0001610975 0 0.0001095463 0.0001707634 0.0004865145 5.799511e-05 3.221951e-06 0 2.57756e-05 3.221951e-06
0.003908226 1.93317e-05 0.008609052 9.343656e-05 1.610975e-05 0.0005960608 0.001781739 0.002909421 1.28878e-05 0.0008860364 0.01336143 0.0005767291 0.0006347242 0.006344021 1.93317e-05 0.0004059658 0.06228675 0.006807981 0.02161607 0.0002674219 0.002883646 6.766096e-05 0.007362157 0.0006250584 2.57756e-05 0.07308673 0.03291867 0.001395105 0.009095566 0.002252143 8.054876e-05 0.001768851 0.0005896169 0.06538626 1.28878e-05 0.003225172 0.06378495 0.0722458 0.002406797 0.0001836512 0.0002190926 0.0008377071 9.665852e-06 1.28878e-05 2.899755e-05 5.155121e-05 3.221951e-06 0 0 1.93317e-05 3.221951e-06 3.221951e-06 0 0.0006701657 0 0.0001868731 3.221951e-06 0 1.93317e-05 0.0002996414 0.0003350829 0.0003383048 0 2.899755e-05 1.28878e-05 9.665852e-05 3.866341e-05 0.0001127683 0.0009182559 0.003109182 3.866341e-05 0 3.221951e-06 5.155121e-05 0 0 0.0001772073 3.221951e-06 0.0001321 9.665852e-05 0.0003318609 2.899755e-05 3.221951e-06 0 0 0
0.0001868731 3.221951e-06 0.0001868731 0.05007555 0.0003801902 0.02985459 0.0004124097 0.01161191 0.008215974 0.1081061 0.0007120511 0.09469635 0.0005509535 0.01681214 0.006930416 3.221951e-06 0.0001578756 0.0003189731 0.0002674219 0.01803004 3.544146e-05 0 8.377071e-05 0.004733045 3.221951e-06 0.0004768487 0.0003640804 0.05857828 0.01036824 5.799511e-05 1.93317e-05 0.006308579 1.610975e-05 0.004874811 6.443901e-06 0.00219737 4.188536e-05 0.02519243 0.0002094268 0.01922216 0.001114795 2.255365e-05 5.155121e-05 0 6.443901e-06 6.443901e-06 0.002355246 3.221951e-06 0.0006347242 0.001649639 9.665852e-05 0.002567895 0.002403575 3.221951e-06 0.0006411682 0 4.188536e-05 9.665852e-06 3.221951e-06 0 0 0 0.001166346 3.221951e-06 3.221951e-06 6.443901e-06 0.007023852 0 6.443901e-06 1.28878e-05 0.006363352 8.054876e-05 9.665852e-06 0 1.610975e-05 0 7.088291e-05 0 0.0001127683 0 0.0001514317 1.610975e-05 0.0003576365 1.28878e-05 0 3.221951e-06
0.009527308 0.0004478511 0.03377571 0.0001095463 0 0.001878397 0.07486524 0.00417887 0.0002029829 0.002851426 0.0009891388 6.443901e-05 0.0005155121 0.01475976 2.57756e-05 0.009189003 0.02289196 0.000586395 0.002883646 3.544146e-05 0.2057312 0.004175648 0.2920022 0.001723744 0.0001836512 0.004430182 0.03694933 0.06749342 0.01746297 0.192721 2.899755e-05 0.0005090682 0.0019815 0.08097728 0.0008344852 0.1661205 0.02726737 0.1549533 0.05631003 0.00365047 9.343656e-05 0.00140477 0.0008989242 3.221951e-06 9.665852e-06 0.0001321 0 0 0 0.0001449878 3.221951e-06 7.732681e-05 6.443901e-06 3.221951e-06 0 3.221951e-06 9.665852e-06 0 0.006720989 2.255365e-05 0 6.443901e-06 3.221951e-06 0.00300608 0.005470872 0.005116457 0.001681858 6.443901e-06 1.93317e-05 0.001836512 0.0019815 3.221951e-05 1.93317e-05 0 3.221951e-06 0 9.665852e-06 0.0001031024 0.0002319804 1.93317e-05 6.766096e-05 6.443901e-06 9.665852e-06 0 0 0
4.832926e-05 0.06228353 0.0006798316 1.28878e-05 3.221951e-05 2.57756e-05 0.001034246 2.899755e-05 0.0866898 4.510731e-05 0.0002287585 3.866341e-05 0.01028447 9.665852e-05 0.0003350829 0.05688998 0.000583173 9.665852e-06 6.766096e-05 0 0.004175648 0.01953469 0.01511739 0.148068 0.01476298 0.0007120511 0.05913568 0.01056155 0.0002996414 0.006070155 8.054876e-05 9.665852e-06 6.443901e-05 0.0009053681 9.665852e-06 0.0022457 0.0009601413 0.002103934 0.0005735072 0.000325417 0 0.001411214 9.665852e-06 0 0.0001353219 0.0005412877 9.665852e-06 0 1.610975e-05 0.0004671828 3.221951e-05 0.0001900951 2.57756e-05 3.221951e-06 0 5.477316e-05 2.255365e-05 0 0.02102001 0.0001321 0 1.28878e-05 6.443901e-06 0.001720522 0.0006669438 0.02190282 0.00232947 1.28878e-05 7.088291e-05 0.01956691 0.00181718 3.544146e-05 3.221951e-06 6.443901e-06 0 0 3.221951e-05 3.221951e-06 0.0002996414 7.410486e-05 0.0002223146 2.899755e-05 3.221951e-06 0 0 0
0.02409375 0.0004446292 0.2293997 0.0002062048 6.443901e-06 0.002896534 0.07461393 0.01474365 0.0002094268 0.004861923 0.00222959 0.0001321 0.0004704048 0.05412555 3.866341e-05 0.01619675 0.03443299 0.001317778 0.007362157 8.377071e-05 0.2920022 0.01511739 0.2008048 0.006218364 0.0001546536 0.0211811 0.2220182 0.08233372 0.01875497 0.08530436 2.899755e-05 0.001279114 0.001082575 0.07804531 0.002052382 0.3973116 0.1174916 0.288081 0.06836012 0.01103518 9.665852e-05 0.001014914 0.002838538 1.28878e-05 5.477316e-05 0.004716936 3.221951e-06 0 5.477316e-05 0.001875175 0.000193317 0.0001256561 3.866341e-05 3.221951e-06 0 9.665852e-06 0.0001224341 3.221951e-06 0.03341807 0.0001739853 3.221951e-06 2.57756e-05 6.443901e-06 0.002335914 0.01126716 0.05634869 0.004269084 1.28878e-05 0.0001127683 0.05240825 0.00366658 9.343656e-05 3.544146e-05 0 1.610975e-05 0 0.0001095463 0.001108351 0.001134127 0.0001514317 0.0006572779 0.0001095463 3.544146e-05 0 9.665852e-06 0
0.005828508 0.07473636 0.008431844 0.03706854 0.002838538 0.007487813 0.05080372 0.00507135 0.1006634 0.02397453 0.0003479707 0.003089851 0.01042301 0.01703767 0.02288229 0.02049161 0.006869198 0.0001192122 0.0006250584 0.004733045 0.001723744 0.148068 0.006218364 0.05355204 0.0129458 0.008393181 0.1040207 0.1368169 0.02632978 0.0274188 0.0001417658 0.001111573 0.00234558 0.01277503 0.0003511926 0.06703912 0.01198243 0.03573787 0.009694849 0.01079676 0.0003511926 0.0007732681 0.0003447487 0.0002319804 0.0005026243 0.001656083 0.003747128 6.766096e-05 0.002200592 0.02402286 0.001263005 0.03251915 0.005052018 0.0001772073 0.0008151535 5.477316e-05 0.0007732681 4.510731e-05 0.01971512 0.0005573974 2.255365e-05 5.477316e-05 0.00196539 0.01612586 0.02420329 0.0089538 0.1540833 8.377071e-05 0.000328639 0.01913194 0.1121883 0.003428155 0.0006476121 6.443901e-06 0.0001127683 6.121706e-05 0.00246157 0.0001224341 0.009279217 0.0001836512 0.007204281 0.0008344852 0.001343553 0.0003769682 3.221951e-06 0.0001707634
0 0.02822106 1.28878e-05 0 6.443901e-06 0 2.899755e-05 2.255365e-05 0.01182778 9.665852e-06 0.001978278 1.610975e-05 0.06921394 9.665852e-06 7.732681e-05 0.00153687 3.221951e-06 5.477316e-05 2.57756e-05 3.221951e-06 0.0001836512 0.01476298 0.0001546536 0.0129458 0.001881619 0.01334532 0.04164049 0.0004832926 1.610975e-05 0.0001578756 0.001975056 9.665852e-06 3.221951e-06 0.0007603803 2.255365e-05 0.001810736 0.02334948 0.01630307 0.003547368 7.410486e-05 6.443901e-06 0.01227563 3.221951e-06 6.443901e-06 0.0003383048 1.28878e-05 3.221951e-06 3.221951e-06 1.28878e-05 3.544146e-05 9.665852e-06 6.766096e-05 9.665852e-06 0.007890557 3.221951e-06 0.0112575 1.610975e-05 0 1.610975e-05 1.93317e-05 0.003415268 0.0006476121 9.665852e-06 1.28878e-05 7.410486e-05 2.255365e-05 0.0001514317 0.002468014 0.003586031 0.01166024 4.832926e-05 6.443901e-06 3.221951e-06 0.001875175 6.443901e-06 0 0.000325417 3.221951e-06 0.0003383048 0.0006927194 0.001285558 0.0001192122 3.221951e-06 0 6.121706e-05 3.221951e-06
0.004517175 0.02554685 0.1277503 0.001063244 7.410486e-05 0.003747128 0.02002442 0.007819674 0.000389856 0.006427791 0.07244878 0.001037468 0.0241904 0.01256883 0.0001063244 0.00180107 0.03036688 0.09022428 0.07308673 0.0004768487 0.004430182 0.0007120511 0.0211811 0.008393181 0.01334532 0.1647126 0.2336559 0.01530749 0.008154757 0.002120043 0.002503456 0.003028633 0.0003511926 0.06985833 0.0003189731 0.05864594 0.2005342 0.2697127 0.02132609 0.001169568 0.0004832926 0.003776126 0.0001095463 0.0001578756 0.008296523 0.00090859 9.665852e-06 1.93317e-05 0.0001417658 0.001707634 0.0003189731 9.021461e-05 0.0001546536 0.03307654 3.866341e-05 0.01842311 0.0005670633 0 0.0001836512 0.01417658 0.0159841 0.02064948 2.57756e-05 0.0005799511 0.0001192122 0.001224341 0.0004188536 0.01059055 0.04353177 0.170744 0.0004961804 0.0001739853 0.0002062048 0.004188536 0.0001063244 0 0.00601216 6.443901e-05 0.007735903 0.003934002 0.01637395 0.002049161 0.0001031024 0 0.0002867536 1.93317e-05
0.0007088291 0.07885079 0.07048017 0.0003415268 5.155121e-05 0.001034246 0.01761118 0.002500234 0.008235305 0.001958946 0.02314649 0.0006025047 0.03985875 0.002120043 0.0001578756 0.1190801 0.1993292 0.00979473 0.03291867 0.0003640804 0.03694933 0.05913568 0.2220182 0.1040207 0.04164049 0.2336559 0.5196491 0.05579774 0.004059658 0.005390323 0.003779348 0.001810736 0.0003028633 0.1488831 0.001894507 0.3029568 0.1916996 0.4713617 0.04203357 0.003189731 0.0001804292 0.001546536 0.001163124 8.377071e-05 0.01727932 0.03262225 3.221951e-05 3.221951e-06 0.0002190926 0.003834121 0.0008119315 0.0002029829 0.0001997609 0.02737047 2.255365e-05 0.01910294 0.0009053681 0 0.007777789 0.03130125 0.0114637 0.009540195 2.57756e-05 0.002854648 0.01000416 0.05054918 0.003325053 0.00979473 0.03242249 0.5339545 0.003692355 0.0002094268 0.0001449878 0.004633165 2.57756e-05 6.443901e-06 0.004713714 0.001076131 0.0115378 0.003067297 0.01248184 0.002184482 0.0002448682 9.665852e-06 0.0002416463 4.188536e-05
0.01789794 0.002603336 0.05212794 0.06986155 0.001366107 0.06434557 0.395546 0.01537193 0.05288187 0.1031346 0.0005896169 0.01008148 0.001047134 0.05234381 0.01126072 0.01221441 0.01932526 0.0003479707 0.001395105 0.05857828 0.06749342 0.01056155 0.08233372 0.1368169 0.0004832926 0.01530749 0.05579774 0.1809834 0.08824922 0.3065364 3.221951e-05 0.003895338 0.01081931 0.08523026 0.001214675 0.2316067 0.02444816 0.1523403 0.0614136 0.01478231 0.001237229 0.001475653 0.001362885 0.0001063244 0.0001063244 0.0005380657 0.009443537 4.510731e-05 0.002606558 0.01983755 0.001153458 0.01948636 0.008525281 0.0001321 0.001337109 1.610975e-05 0.000583173 7.088291e-05 0.01310689 0.0002190926 9.665852e-06 1.610975e-05 0.003524814 0.009169671 0.01002671 0.005267889 0.1051355 3.866341e-05 0.0002287585 0.006720989 0.07690796 0.002390687 0.0003544146 0 0.0001192122 3.866341e-05 0.001491763 9.343656e-05 0.005364548 8.054876e-05 0.003924336 0.0004994023 0.001005249 0.0001417658 3.221951e-06 5.799511e-05
0.112401 4.188536e-05 0.00584784 0.004607389 3.544146e-05 0.01859388 0.119035 0.01483386 0.004304526 0.06527027 0.004281972 0.01680892 0.0009150339 0.05363903 0.0004994023 0.0001031024 0.06310834 0.002670997 0.009095566 0.01036824 0.01746297 0.0002996414 0.01875497 0.02632978 1.610975e-05 0.008154757 0.004059658 0.08824922 0.3406987 0.1716623 5.155121e-05 0.01514317 0.07687574 0.05356815 1.28878e-05 0.008090318 0.001691524 0.03473907 0.001639973 0.006356908 0.004452736 7.088291e-05 5.477316e-05 1.28878e-05 1.28878e-05 1.610975e-05 8.699266e-05 9.665852e-06 9.021461e-05 0.001208231 8.054876e-05 0.00168508 0.0001031024 6.443901e-06 1.93317e-05 3.221951e-06 5.799511e-05 0 0.0006604999 2.57756e-05 0 3.221951e-06 4.510731e-05 0.0005702852 0.0005799511 0.0001031024 0.01030702 0 1.28878e-05 0.0002190926 0.008470508 0.0002738658 7.088291e-05 3.221951e-06 6.443901e-06 9.665852e-06 0.0001353219 9.665852e-06 0.0008989242 6.443901e-06 0.0004220755 6.121706e-05 5.477316e-05 1.610975e-05 0 3.221951e-06
0.08314565 0.0005896169 0.0113316 0.0002094268 3.221951e-06 0.0009150339 0.1727417 0.006820869 0.006398794 0.001607753 0.0005412877 0.0001063244 0.0002384243 0.06720344 1.93317e-05 0.003028633 0.02664553 0.0002513121 0.002252143 5.799511e-05 0.192721 0.006070155 0.08530436 0.0274188 0.0001578756 0.002120043 0.005390323 0.3065364 0.1716623 0.1618611 6.443901e-06 0.001121239 0.02338492 0.06060489 0.0001546536 0.06030847 0.005651301 0.05847196 0.01933815 0.001285558 8.054876e-05 0.0003318609 0.0001772073 3.221951e-05 1.28878e-05 5.799511e-05 9.665852e-06 0 2.57756e-05 0.0008924803 3.221951e-05 0.001504651 6.443901e-05 0 0 0 2.57756e-05 3.221951e-06 0.01178267 1.93317e-05 0 1.610975e-05 3.221951e-06 0.01035857 0.01281692 0.004726601 0.01387372 0 8.377071e-05 0.0008022657 0.01348708 0.0003060853 0.0001095463 0 6.443901e-06 9.665852e-06 0.0001159902 9.665852e-06 0.001076131 2.899755e-05 0.0002480902 4.188536e-05 3.544146e-05 6.443901e-06 0 3.221951e-06
0 0.0002126487 9.665852e-06 6.443901e-06 6.443901e-06 1.93317e-05 1.610975e-05 0.0001417658 0.0001514317 6.121706e-05 0.007526476 3.866341e-05 0.01174079 4.188536e-05 0 3.544146e-05 6.443901e-06 0.000518734 8.054876e-05 1.93317e-05 2.899755e-05 8.054876e-05 2.899755e-05 0.0001417658 0.001975056 0.002503456 0.003779348 3.221951e-05 5.155121e-05 6.443901e-06 8.699266e-05 9.988047e-05 0 0.002416463 0 9.343656e-05 0.008795925 0.01239807 0.001211453 3.866341e-05 4.188536e-05 0.0003705243 0 3.221951e-06 5.477316e-05 0 0 0 0 1.28878e-05 0 6.443901e-06 3.221951e-06 0.002587226 0 0.003312165 0 0 0 0 0.0007507145 6.766096e-05 0 3.221951e-06 1.93317e-05 3.221951e-06 9.665852e-06 0.00102458 0.0007217169 0.002103934 6.443901e-06 3.221951e-06 0 0.0006218364 0 0 8.054876e-05 3.221951e-06 5.477316e-05 0.0002448682 0.0002770877 3.221951e-05 0 0 2.255365e-05 0
0.0017173 0 0.002371356 0.001105129 0.0003673024 0.05447674 0.009060125 0.04985002 0.0002448682 0.01984722 0.004797484 0.02328181 0.001743075 0.02824684 0.006669438 9.665852e-06 0.002745102 0.00208138 0.001768851 0.006308579 0.0005090682 9.665852e-06 0.001279114 0.001111573 9.665852e-06 0.003028633 0.001810736 0.003895338 0.01514317 0.001121239 9.988047e-05 0.0002029829 3.221951e-05 0.0287398 7.410486e-05 0.01508517 0.0002384243 0.0363436 0.0004156316 0.05793389 0.05447352 5.155121e-05 0.0001482097 0 0 6.443901e-06 5.799511e-05 0 9.665852e-06 0.0001449878 6.443901e-06 0.0001127683 2.899755e-05 6.443901e-06 9.665852e-06 3.221951e-06 3.221951e-06 0 9.665852e-06 0 0 0 6.443901e-06 3.221951e-06 3.221951e-06 6.443901e-06 0.0005735072 0 0 1.93317e-05 0.0004156316 1.28878e-05 0 0 0 0 1.28878e-05 0 0.0003640804 0 2.899755e-05 3.221951e-06 3.221951e-06 0 0 0
0.004626721 3.221951e-06 0.0002029829 4.188536e-05 3.221951e-06 0.0002062048 0.008254637 0.0001514317 0.0004381853 0.0005058462 0.0001385439 2.57756e-05 3.221951e-06 0.0005606194 6.443901e-06 1.93317e-05 0.003296055 8.054876e-05 0.0005896169 1.610975e-05 0.0019815 6.443901e-05 0.001082575 0.00234558 3.221951e-06 0.0003511926 0.0003028633 0.01081931 0.07687574 0.02338492 0 3.221951e-05 0.0006959413 0.004501065 0 0.0002223146 0.0001868731 0.001559424 9.988047e-05 1.28878e-05 6.443901e-06 6.443901e-06 0 3.221951e-06 0 3.221951e-06 3.221951e-06 0 1.28878e-05 7.732681e-05 9.665852e-06 0.000128878 6.443901e-06 0 0 0 3.221951e-06 0 8.054876e-05 0 0 0 0 8.377071e-05 4.832926e-05 1.610975e-05 0.0006798316 0 3.221951e-06 2.255365e-05 0.0005155121 3.544146e-05 9.665852e-06 0 0 0 3.221951e-06 0 4.832926e-05 0 3.866341e-05 6.443901e-06 0 0 0 0
0.01279114 0.000325417 0.03126259 0.001636751 0.0004414072 0.008857142 0.03550912 0.01573923 0.001733409 0.02268253 0.06814748 0.008889361 0.03377893 0.01988588 0.0005606194 0.003602141 0.0169829 0.02987393 0.06538626 0.004874811 0.08097728 0.0009053681 0.07804531 0.01277503 0.0007603803 0.06985833 0.1488831 0.08523026 0.05356815 0.06060489 0.002416463 0.0287398 0.004501065 0.03948823 0.000128878 0.02319482 0.02060115 0.07515844 0.01223052 0.003589253 0.0002803097 0.002699995 8.377071e-05 6.443901e-06 9.021461e-05 0.0002094268 4.832926e-05 0 4.188536e-05 0.0004510731 3.221951e-05 0.0006057267 6.443901e-05 9.343656e-05 3.221951e-06 0.0001095463 1.93317e-05 3.221951e-06 0.001111573 0.0003189731 2.255365e-05 2.255365e-05 1.93317e-05 0.0008731486 0.0009536973 0.0006089486 0.004053214 3.221951e-05 0.0001707634 0.002474458 0.003038299 7.088291e-05 2.57756e-05 3.221951e-06 0 3.221951e-06 8.699266e-05 2.899755e-05 0.0008731486 1.610975e-05 0.0001707634 4.510731e-05 1.93317e-05 0 3.221951e-06 6.443901e-06
0 0 0.0003060853 6.443901e-06 3.221951e-06 4.188536e-05 0.0004704048 4.832926e-05 5.155121e-05 9.988047e-05 6.443901e-06 0 0.001330666 1.610975e-05 0 0.0002931975 7.732681e-05 9.665852e-06 1.28878e-05 6.443901e-06 0.0008344852 9.665852e-06 0.002052382 0.0003511926 2.255365e-05 0.0003189731 0.001894507 0.001214675 1.28878e-05 0.0001546536 0 7.410486e-05 0 0.000128878 0.5997178 0.1506197 0.00626025 0.004549394 0.003737463 0.0003608585 0.0001804292 0.0009633632 0.0009311437 0 1.93317e-05 0.0001256561 0 0 0 2.255365e-05 3.221951e-06 3.221951e-06 0 6.443901e-06 0 3.544146e-05 3.221951e-06 0 9.665852e-06 3.221951e-06 9.665852e-06 3.221951e-06 0 2.57756e-05 1.28878e-05 0.0001159902 6.121706e-05 0 9.988047e-05 0.0002384243 9.021461e-05 0 0 9.665852e-06 0 0 3.221951e-06 0.3665484 0.001804292 0.0001449878 0.0005960608 0.001066466 3.544146e-05 0 4.832926e-05 1.93317e-05
0.0007378267 0.0007023852 0.06448734 0.002203814 0.0001804292 0.007378267 0.09015018 0.00419498 0.006382684 0.02168373 0.001839734 0.002555007 0.02555329 0.01478553 0.000196539 0.06217398 0.02990292 0.00153687 0.003225172 0.00219737 0.1661205 0.0022457 0.3973116 0.06703912 0.001810736 0.05864594 0.3029568 0.2316067 0.008090318 0.06030847 9.343656e-05 0.01508517 0.0002223146 0.02319482 0.1506197 0.06839557 0.4931743 0.1971157 0.08226928 0.1197438 0.02438694 0.03619217 0.008486618 1.93317e-05 8.377071e-05 0.0006218364 5.155121e-05 0 9.343656e-05 0.001517539 0.0001385439 0.002174817 0.0001321 3.221951e-05 6.443901e-06 1.93317e-05 6.443901e-05 6.443901e-06 0.002352024 0.0003479707 3.221951e-06 2.255365e-05 1.93317e-05 0.001878397 0.001923504 0.001482097 0.01494663 0 0.0001385439 0.005783401 0.01046167 0.0003801902 7.410486e-05 9.665852e-06 1.610975e-05 9.665852e-06 0.000196539 0.006621108 0.007880891 0.0002706438 0.000583173 0.0002867536 9.021461e-05 5.477316e-05 9.665852e-06 0.0002513121
0.0003415268 0.001137349 0.04055469 0.0001417658 0 0.0002126487 0.003724575 0.0003576365 0.000782934 0.0006121706 0.07694018 0.0001159902 0.122824 0.001053578 6.443901e-06 0.021049 0.07579961 0.05673533 0.06378495 4.188536e-05 0.02726737 0.0009601413 0.1174916 0.01198243 0.02334948 0.2005342 0.1916996 0.02444816 0.001691524 0.005651301 0.008795925 0.0002384243 0.0001868731 0.02060115 0.00626025 0.4931743 0.06511884 0.1085701 0.04818749 0.009904276 0.0003221951 0.003624694 0.001440212 0 0.0001675414 9.343656e-05 9.665852e-06 0 3.221951e-06 1.93317e-05 6.443901e-06 8.699266e-05 3.221951e-06 0.001494985 0 0.008712154 3.221951e-06 0 0.0002641999 0.000196539 0.0001031024 5.155121e-05 0 0.0002384243 0.0002545341 0.0002126487 0.000718495 0.0003834121 0.0003640804 0.002509899 0.0004768487 1.28878e-05 0 0.0003511926 0 0 4.510731e-05 0.0002899755 0.008995686 0.001011692 0.0003801902 4.510731e-05 3.221951e-06 0 0.0004832926 3.221951e-06
0.002870758 0.00166897 0.0854268 0.00771335 0.0004252975 0.02642644 0.08832333 0.02145819 0.004088655 0.09558883 0.0985788 0.04663773 0.1223503 0.0222669 0.0008538169 0.01604531 0.02378444 0.08981509 0.0722458 0.02519243 0.1549533 0.002103934 0.288081 0.03573787 0.01630307 0.2697127 0.4713617 0.1523403 0.03473907 0.05847196 0.01239807 0.0363436 0.001559424 0.07515844 0.004549394 0.1971157 0.1085701 0.1162899 0.02837572 0.01183422 0.00114057 0.01958624 0.001639973 1.610975e-05 0.0001643195 0.0006862755 0.0001997609 3.221951e-06 8.377071e-05 0.001543314 7.732681e-05 0.001601309 0.0001707634 0.0003221951 2.255365e-05 0.0004414072 6.443901e-05 0 0.001710856 0.0008538169 0.0001224341 9.665852e-05 8.377071e-05 0.001256561 0.001446656 0.001424102 0.01270415 0.0001482097 0.0004961804 0.007146286 0.009379098 0.0003350829 6.121706e-05 6.766096e-05 9.665852e-06 6.443901e-06 0.0002158707 0.004552616 0.006431013 8.377071e-05 0.0006862755 0.0001417658 5.799511e-05 3.544146e-05 9.665852e-06 1.28878e-05
0.0002545341 0.0002931975 0.007126955 0.000328639 0 0.001198566 0.01738242 0.000583173 0.001195344 0.003595697 0.006856311 0.0001997609 0.01843922 0.0007023852 1.93317e-05 0.007043184 0.002944863 0.004256197 0.002406797 0.0002094268 0.05631003 0.0005735072 0.06836012 0.009694849 0.003547368 0.02132609 0.04203357 0.0614136 0.001639973 0.01933815 0.001211453 0.0004156316 9.988047e-05 0.01223052 0.003737463 0.08226928 0.04818749 0.02837572 0.0005767291 0.001936392 3.221951e-05 0.007723015 0.0006250584 3.221951e-06 1.28878e-05 6.766096e-05 6.443901e-06 3.221951e-06 1.93317e-05 0.000260978 0 0.0003962999 2.255365e-05 2.899755e-05 0 6.121706e-05 6.443901e-06 0 0.0006121706 8.054876e-05 1.610975e-05 1.610975e-05 3.221951e-06 0.0004768487 0.0007023852 0.0002964194 0.002219924 9.665852e-06 2.899755e-05 0.0006894974 0.001910617 7.410486e-05 1.610975e-05 1.28878e-05 3.221951e-06 3.221951e-06 3.221951e-05 0.00328639 0.003950111 6.443901e-06 0.000128878 4.188536e-05 9.665852e-06 3.221951e-06 3.221951e-06 0
8.377071e-05 0.0002674219 0.001633529 0.00401455 0.03543501 0.05254679 0.008586498 0.006691991 0.002091046 0.02688718 0.0008860364 0.06641084 0.001897729 0.0112575 0.0196829 0.0009182559 0.000328639 0.0003544146 0.0001836512 0.01922216 0.00365047 0.000325417 0.01103518 0.01079676 7.410486e-05 0.001169568 0.003189731 0.01478231 0.006356908 0.001285558 3.866341e-05 0.05793389 1.28878e-05 0.003589253 0.0003608585 0.1197438 0.009904276 0.01183422 0.001936392 0.008306188 0.001797848 0.0009569193 0.0006121706 6.443901e-06 0 1.610975e-05 0.001169568 9.665852e-06 0.0002674219 0.0005735072 3.544146e-05 0.001143792 0.001340331 6.443901e-06 0.0007313828 3.221951e-06 1.610975e-05 3.866341e-05 0.0001707634 0 0 0 0.0008087096 9.343656e-05 5.799511e-05 4.188536e-05 0.004800706 0 1.610975e-05 7.410486e-05 0.003866341 6.766096e-05 1.610975e-05 0 0 3.221951e-06 5.477316e-05 0.001195344 0.003151068 4.832926e-05 0.0001192122 3.544146e-05 0.0007668242 1.28878e-05 1.28878e-05 0
1.93317e-05 9.665852e-06 0.0002062048 0.0003157511 0.0002255365 0.001656083 0.001234007 0.001562646 0.0001031024 0.004385075 0.001163124 0.002168373 0.0002964194 0.0009214778 0.0001675414 9.665852e-06 7.410486e-05 0.0004478511 0.0002190926 0.001114795 9.343656e-05 0 9.665852e-05 0.0003511926 6.443901e-06 0.0004832926 0.0001804292 0.001237229 0.004452736 8.054876e-05 4.188536e-05 0.05447352 6.443901e-06 0.0002803097 0.0001804292 0.02438694 0.0003221951 0.00114057 3.221951e-05 0.001797848 3.221951e-06 0.0003189731 0.0001095463 0 0 0 3.221951e-06 0 0 4.510731e-05 0 2.255365e-05 1.28878e-05 0 0 0 0 0 9.665852e-06 0 0 0 0 6.443901e-06 3.221951e-06 0 0.000260978 0 0 1.610975e-05 0.0003028633 3.221951e-06 0 3.221951e-06 0 3.221951e-06 0 1.28878e-05 0.0003221951 0 1.610975e-05 3.221951e-06 0 3.221951e-06 0 3.221951e-06
6.443901e-06 0.007049628 0.0003737463 1.28878e-05 0 2.899755e-05 0.0002674219 6.121706e-05 0.0008022657 0.0001095463 0.03892116 2.255365e-05 0.03162989 5.799511e-05 1.28878e-05 0.0001643195 0.0002706438 0.003453931 0.0008377071 2.255365e-05 0.00140477 0.001411214 0.001014914 0.0007732681 0.01227563 0.003776126 0.001546536 0.001475653 7.088291e-05 0.0003318609 0.0003705243 5.155121e-05 6.443901e-06 0.002699995 0.0009633632 0.03619217 0.003624694 0.01958624 0.007723015 0.0009569193 0.0003189731 5.799511e-05 0.000257756 0 3.221951e-06 0 0 0 0 3.221951e-06 0 1.93317e-05 0 7.732681e-05 0 0.0003866341 0 0 1.93317e-05 0 0 3.221951e-06 0 6.443901e-06 1.610975e-05 3.221951e-06 3.544146e-05 2.899755e-05 1.28878e-05 4.188536e-05 3.221951e-05 0 0 9.665852e-06 0 0 3.221951e-06 8.377071e-05 0.00249379 2.899755e-05 7.088291e-05 1.93317e-05 0 0 3.221951e-06 0
