0.02127404 1.201584e-05 0.0008020571 0.001285695 1.201584e-05 0.00161613 0.08496699 0.02605935 0.0009101996 0.004773291 0.0008351007 9.612669e-05 4.806335e-05 0.1121588 6.007918e-06 4.806335e-05 0.006533611 0.000369487 0.0007269581 0.0004535978 0.002418187 2.102771e-05 0.00930927 0.01159528 1.802376e-05 0.001240635 0.001030358 0.02509508 0.1026903 0.06709944 3.003959e-05 0.001057394 0.01118374 0.01880779 6.007918e-06 0.0008050611 0.0001201584 0.0131994 0.0009252194 2.703563e-05 0.0003935187 1.50198e-05 0 1.201584e-05 3.003959e-06 1.201584e-05 4.806335e-05 0 1.201584e-05 0.0007810294 5.707523e-05 0.0006788948 3.905147e-05 0 3.003959e-06 3.003959e-06 3.905147e-05 0 2.703563e-05 3.003959e-06 0 1.201584e-05 6.007918e-06 1.50198e-05 2.102771e-05 3.003959e-06 0.002757635 1.50198e-05 1.201584e-05 4.505939e-05 0.002607437 0.0003064038 3.304355e-05 0 0 4.806335e-05 0.0001652178 1.201584e-05 0.0005317008 3.003959e-06 0.0007299621 2.403167e-05 6.007918e-06 2.102771e-05 3.003959e-06 6.007918e-06
1.201584e-05 0.001901506 0.02227135 1.201584e-05 1.201584e-05 3.604751e-05 5.106731e-05 2.403167e-05 0.03873305 6.007918e-06 0.002156843 6.007918e-06 0.01378517 1.201584e-05 0.0008621363 0.001249647 0.0006578671 0.001318738 0.0008200809 0 8.411086e-05 0.06739383 0.0001952573 0.03442537 0.01950771 0.01059496 0.1422014 0.0004716216 2.703563e-05 5.106731e-05 0.00105439 3.003959e-06 0 0.0006969185 3.003959e-06 0.002610441 0.004827362 0.003265304 0.000958263 0.0006428473 0 0.0009852986 6.007918e-06 6.007918e-06 0.0002373128 0.003703882 0 0 0 4.205543e-05 9.011878e-06 6.007918e-06 3.003959e-06 7.810294e-05 0 0.0003184197 1.802376e-05 0 2.703563e-05 0.0005767602 2.703563e-05 0.0001952573 0 9.011878e-06 5.707523e-05 0.0001652178 2.403167e-05 0.0001832415 0.00135779 0.001676209 3.304355e-05 3.003959e-06 6.007918e-06 0.0001261663 0 3.003959e-06 0.0001321742 6.007918e-06 0.0003514632 0.0001862455 0.0004716216 0.000222293 0 0 6.007918e-06 0
0.0008020571 0.02227135 0.05401419 0.0005407127 0 0.002910836 0.06497263 0.004599062 0.0006218196 0.006179144 0.001670201 7.209502e-05 8.711482e-05 0.002550361 3.304355e-05 0.001348778 0.1630429 0.004644121 0.01761221 7.810294e-05 0.02038787 0.003640799 0.1074997 0.003739929 2.703563e-05 0.1927761 0.1701533 0.05711127 0.002856765 0.008191797 1.50198e-05 0.0001592098 5.106731e-05 0.02271594 0.0001081425 0.03296845 0.005217877 0.04308879 0.009062945 0.000366483 9.011878e-05 2.703563e-05 6.308314e-05 0.0001201584 0.01902407 0.08715387 2.703563e-05 0 3.003959e-06 0.001216603 0.0002613445 4.205543e-05 3.604751e-05 0.0001411861 3.003959e-06 1.50198e-05 0.0005557325 0 0.0003965226 0.0135779 0.0001832415 0.00207874 3.003959e-06 0.0002643484 0.000886168 0.003721905 0.0001772336 5.707523e-05 0.03328387 0.02311246 0.0005737562 0.0002072732 0.0001261663 4.205543e-05 0 1.802376e-05 0.002898821 0.0001141505 0.009594646 0.00444586 0.009898046 0.005398115 3.003959e-05 0 1.802376e-05 4.505939e-05
0.001285695 1.201584e-05 0.0005407127 0.03758554 4.505939e-05 0.008381046 0.003538664 0.002730599 0.03780483 0.06605406 0.0001081425 0.04254507 2.703563e-05 0.001769332 0.003334395 6.007918e-06 0.000147194 3.905147e-05 3.604751e-05 0.08910344 7.810294e-05 2.403167e-05 0.0003244276 0.03492103 3.003959e-06 0.0002343088 0.0002763642 0.08162058 0.01062801 0.0002102771 0 0.0001892494 0.0005977879 0.003682854 0.0001351782 0.01106959 9.612669e-05 0.01356888 0.004905465 0.001393837 0.0009702788 2.102771e-05 0.0002252969 2.102771e-05 8.11069e-05 1.50198e-05 0.01846834 3.003959e-06 0.000886168 0.007125391 0.001222611 0.01510991 0.006677801 3.604751e-05 0.001366801 0 0.0005467206 3.905147e-05 6.007918e-05 3.003959e-06 3.003959e-06 1.201584e-05 0.002649492 9.011878e-06 0.0003724909 3.003959e-05 0.01560557 6.007918e-06 2.102771e-05 0.0002252969 0.01680715 0.001036366 1.50198e-05 3.003959e-06 6.007918e-06 4.505939e-05 0.0004505939 1.50198e-05 0.0005977879 1.50198e-05 0.001682217 3.905147e-05 0.0002373128 6.909106e-05 0 9.011878e-06
1.201584e-05 1.201584e-05 0 4.505939e-05 5.707523e-05 0.001462928 4.806335e-05 0.0001772336 0.0008921759 0.0001291702 0.0003364434 0.0004115424 2.102771e-05 2.403167e-05 0.005214873 0 0 9.011878e-05 3.304355e-05 6.909106e-05 0 2.403167e-05 6.007918e-06 0.0001532019 9.011878e-06 0.0002343088 0.000150198 2.703563e-05 6.308314e-05 1.802376e-05 1.201584e-05 0.0003094078 0 0.0009492511 0 0.0001532019 0 0.000811069 3.604751e-05 0.01080524 0.0001562059 0 0 0 3.003959e-06 0 6.007918e-06 0 0 0 0 0 0 0 0 0 0 0 0 0 0 0 0 0 0 0 0 0 3.003959e-06 6.007918e-06 6.007918e-06 0 0 0 0 0 0 0 0 0 0 0 0 0 0 0
0.00161613 3.604751e-05 0.002910836 0.008381046 0.001462928 0.3438542 0.05544107 0.1076409 0.01678312 0.3910824 0.001877475 0.0996173 0.0002553365 0.01234327 0.03334395 1.201584e-05 0.0008651403 0.0004566018 0.0002643484 0.02216021 0.0008921759 2.403167e-05 0.003316371 0.008921759 3.003959e-05 0.001544035 0.001108461 0.06999225 0.03109398 0.002802694 6.60871e-05 0.03650111 0.0002403167 0.01313031 0.0002072732 0.006022938 0.0004205543 0.02064621 0.003851076 0.04783805 0.004593054 0.0001321742 0.0001141505 9.011878e-06 2.102771e-05 7.209502e-05 0.003625779 0 0.0003154157 0.002535342 0.0003304355 0.001694233 0.001622138 1.50198e-05 0.0005497245 0 0.0001982613 3.304355e-05 5.707523e-05 3.003959e-06 3.003959e-06 6.007918e-06 0.000585772 3.003959e-06 5.407127e-05 6.007918e-05 0.002361112 6.007918e-06 1.201584e-05 9.612669e-05 0.003418506 0.0003094078 9.011878e-06 0 0 2.403167e-05 0.0001351782 1.802376e-05 0.0002763642 1.50198e-05 0.000585772 9.011878e-06 0.0002763642 2.703563e-05 3.003959e-06 3.003959e-06
0.08496699 5.106731e-05 0.06497263 0.003538664 4.806335e-05 0.05544107 0.1273468 0.1937554 0.007476854 0.07475653 0.001958581 0.0006067998 0.000219289 0.2126653 0.0003544672 0.0002072732 0.01472541 0.0007810294 0.00179036 0.0006488552 0.02454235 0.0004265622 0.09235673 0.07665503 3.905147e-05 0.00942342 0.007705155 0.4731326 0.1418229 0.09465175 7.209502e-05 0.003869099 0.01322643 0.04827362 0.0007059304 0.06235919 0.002397159 0.1085691 0.03609858 0.001015338 0.004289654 0.0001321742 0.0007840334 0.0001141505 0.0001201584 0.001381821 0.003127122 0 0.0003394474 0.009171087 0.0008170769 0.004205543 0.001751308 4.205543e-05 0.0001652178 1.201584e-05 0.0005827681 9.011878e-06 0.001288699 0.0001321742 1.201584e-05 4.505939e-05 0.0005377087 6.308314e-05 0.0003484593 0.001201584 0.005722542 2.102771e-05 0.0003935187 0.001321742 0.008921759 0.001447908 5.106731e-05 3.003959e-06 9.011878e-06 7.209502e-05 0.0006578671 4.806335e-05 0.00203368 0.0001351782 0.002835738 0.0001982613 0.0001351782 0.0001051386 0 9.011878e-06
0.02605935 2.403167e-05 0.004599062 0.002730599 0.0001772336 0.1076409 0.1937554 0.1722921 0.001069409 0.1014167 0.005079695 0.01846233 0.0005226889 0.1288398 0.0007479858 4.505939e-05 0.005160802 0.001171544 0.0006488552 0.01445806 0.003625779 6.007918e-05 0.01436493 0.01529316 3.905147e-05 0.003538664 0.002658504 0.03216339 0.07706657 0.06460315 0.0001772336 0.04028309 0.0002493286 0.02815611 8.711482e-05 0.01073915 0.0007780254 0.02973319 0.004148468 0.001012334 0.00780729 0.0002313049 0.0001622138 1.50198e-05 2.703563e-05 9.312274e-05 0.0002823722 0 1.201584e-05 0.001120477 6.308314e-05 0.0007960492 0.0001231623 1.50198e-05 1.201584e-05 9.011878e-06 7.509898e-05 0 7.509898e-05 6.007918e-06 9.011878e-06 1.802376e-05 2.703563e-05 3.003959e-06 1.50198e-05 4.806335e-05 0.00160111 1.201584e-05 4.505939e-05 0.0001171544 0.001826407 0.0002883801 2.102771e-05 3.003959e-06 0 3.003959e-05 0.0001381821 9.011878e-06 0.0004085385 1.50198e-05 0.0005527285 2.102771e-05 1.201584e-05 3.604751e-05 0 0
0.0009101996 0.03873305 0.0006218196 0.03780483 0.0008921759 0.01678312 0.007476854 0.001069409 0.006314322 0.007690136 0.0009192115 0.01586691 0.005040644 0.000886168 0.0315596 0.001541031 5.106731e-05 0.0005377087 0.0001712257 0.01042374 0.0004145464 0.05647143 0.0001081425 0.1173106 0.01429885 0.002267989 0.03204023 0.03916862 0.002538346 0.0007089344 0.000297392 0.0005046651 0.0001081425 0.000811069 2.102771e-05 0.002243958 0.001438896 0.00203368 0.0007479858 0.008047607 0.0001291702 0.0001351782 1.802376e-05 7.810294e-05 0.0001051386 0.0001381821 0.006116061 6.007918e-06 0.0006128077 0.003145145 0.0005737562 0.002952892 0.002102771 0.0001021346 0.001985617 0.0001682217 0.0003845068 0.000147194 0.0008200809 1.201584e-05 1.201584e-05 4.806335e-05 0.001174548 0.0002072732 0.0003965226 2.102771e-05 0.02563879 0.0001261663 8.711482e-05 0.0003754949 0.01275781 0.000883164 0.0001081425 0.0001141505 9.011878e-06 7.209502e-05 0.0004355741 2.403167e-05 0.001231623 3.604751e-05 0.001516999 9.913065e-05 0.000516681 7.209502e-05 3.003959e-06 6.007918e-06
0.004773291 6.007918e-06 0.006179144 0.06605406 0.0001291702 0.3910824 0.07475653 0.1014167 0.007690136 0.4069193 0.003337399 0.03807819 0.0002583405 0.03397177 0.001793364 4.505939e-05 0.001090437 0.0008921759 0.0004986572 0.05300486 0.001670201 4.205543e-05 0.005776614 0.0135779 2.403167e-05 0.002970916 0.002162851 0.213957 0.05997705 0.001970597 0.0001712257 0.006410449 0.0005587364 0.02410076 0.0001862455 0.01331355 0.0005587364 0.05831586 0.01061299 0.005314004 0.007305629 4.806335e-05 0.0005437166 1.802376e-05 3.003959e-05 0.0001261663 0.006933138 3.003959e-06 0.0006308314 0.005554321 0.0006668789 0.003538664 0.003250284 2.102771e-05 0.0005196849 1.50198e-05 0.0003454553 1.802376e-05 0.0001562059 1.201584e-05 6.007918e-06 2.403167e-05 0.001081425 6.007918e-06 0.0001171544 0.0001712257 0.005479222 1.50198e-05 4.806335e-05 0.0002433207 0.007425787 0.0006698829 2.102771e-05 9.011878e-06 2.102771e-05 3.003959e-05 0.0002553365 1.50198e-05 0.0006128077 2.703563e-05 0.001222611 3.604751e-05 0.0001562059 4.806335e-05 3.003959e-06 6.007918e-06
0.0008351007 0.002156843 0.001670201 0.0001081425 0.0003364434 0.001877475 0.001958581 0.005079695 0.0009192115 0.003337399 0.1059166 0.002114787 0.08788383 0.004016293 1.50198e-05 9.312274e-05 0.00177534 0.03972436 0.005554321 0.001324746 0.0004866414 0.001075417 0.001622138 0.0008741521 0.01497774 0.08173172 0.07293913 0.001042374 0.006918118 0.00134277 0.02595721 0.003742933 3.304355e-05 0.09337807 1.50198e-05 0.007143415 0.04101906 0.1346164 0.0209436 6.909106e-05 0.0001772336 0.004016293 4.806335e-05 3.003959e-06 0.0005046651 0.0001021346 2.403167e-05 0 0 3.003959e-05 0 2.102771e-05 0 0.00459005 0 0.01876573 1.50198e-05 0 6.007918e-06 8.11069e-05 0.0004145464 0.0009312274 0 3.003959e-06 9.011878e-05 6.007918e-06 8.711482e-05 0.005058667 0.001685221 0.01614027 3.003959e-05 3.003959e-06 3.003959e-06 0.004989576 0 0 0.0001381821 0 0.0009943105 0.003370442 0.0005467206 0.0001381821 1.802376e-05 3.003959e-06 0.0007780254 6.007918e-06
9.612669e-05 6.007918e-06 7.209502e-05 0.04254507 0.0004115424 0.0996173 0.0006067998 0.01846233 0.01586691 0.03807819 0.002114787 0.07844239 0.0001832415 0.01161631 0.01021346 0 1.50198e-05 0.0004716216 0.0001712257 0.06870055 2.102771e-05 6.007918e-06 4.205543e-05 0.002598425 2.403167e-05 0.001324746 0.0009162076 0.010625 0.02310045 6.308314e-05 4.205543e-05 0.006924126 1.50198e-05 0.01321742 9.011878e-06 0.0007840334 0.0001772336 0.02052005 0.001859451 0.01081125 0.003950206 4.505939e-05 0.0001051386 3.003959e-06 4.505939e-05 9.011878e-06 0.01005726 3.003959e-06 0.0004896454 0.0006758908 0.0003484593 0.00691211 0.002240954 1.802376e-05 0.00220791 9.011878e-06 0.0001862455 9.913065e-05 0 3.003959e-06 6.007918e-06 1.50198e-05 0.001538027 0 0.0001321742 0 0.006503572 2.102771e-05 1.802376e-05 0.0001111465 0.004677165 0.0002403167 3.003959e-06 3.003959e-06 1.201584e-05 0 9.312274e-05 3.003959e-06 6.909106e-05 3.003959e-06 0.0002583405 3.003959e-06 0.0005497245 9.011878e-06 0 0
4.806335e-05 0.01378517 8.711482e-05 2.703563e-05 2.102771e-05 0.0002553365 0.000219289 0.0005226889 0.005040644 0.0002583405 0.08788383 0.0001832415 0.01422975 0.0003064038 9.612669e-05 0.0001051386 0.0001171544 0.005797641 0.00118356 0.0001171544 0.0002523326 0.006803968 0.0004265622 0.003334395 0.04285148 0.005049655 0.08973427 0.0003304355 0.0004055345 0.0001141505 0.008194801 0.0003064038 0 0.02706267 8.411086e-05 0.008591323 0.05861926 0.05590669 0.01353584 0.0001321742 0.0009132036 0.009723816 5.407127e-05 3.003959e-06 0.001378817 5.106731e-05 0 0 3.003959e-06 1.50198e-05 3.003959e-06 3.604751e-05 0 0.005292976 0 0.02595421 9.011878e-06 0 9.011878e-06 8.411086e-05 0.0008290927 0.001820399 0 1.201584e-05 0.0001201584 3.604751e-05 6.909106e-05 0.01315734 0.004001274 0.03477083 6.007918e-06 6.007918e-06 3.003959e-06 0.009237175 0 0 0.0002703563 3.304355e-05 0.001201584 0.003415502 0.0009732828 0.0002012653 9.011878e-06 3.003959e-06 0.0004566018 3.003959e-06
0.1121588 1.201584e-05 0.002550361 0.001769332 2.403167e-05 0.01234327 0.2126653 0.1288398 0.000886168 0.03397177 0.004016293 0.01161631 0.0003064038 0.1568968 2.703563e-05 3.905147e-05 0.004364753 0.001129489 0.0006368394 0.008822628 0.002811706 2.703563e-05 0.01151418 0.01293505 5.106731e-05 0.002904829 0.002331072 0.02416084 0.0977218 0.1166888 0.00014419 0.005512265 0.00073597 0.02348796 2.703563e-05 0.002129807 0.0002553365 0.02185981 0.001432889 0.0001201584 0.001450912 3.604751e-05 3.604751e-05 9.011878e-06 1.50198e-05 3.304355e-05 0.0002042692 0 6.007918e-06 0.000955259 7.509898e-05 0.0006488552 4.806335e-05 1.201584e-05 1.50198e-05 6.007918e-06 4.505939e-05 6.007918e-06 3.304355e-05 0 3.003959e-06 2.703563e-05 3.003959e-06 6.007918e-06 9.011878e-06 3.003959e-05 0.001384825 9.011878e-06 2.102771e-05 0.0001021346 0.001751308 0.0002252969 1.802376e-05 3.003959e-06 3.003959e-06 2.403167e-05 0.0001321742 1.50198e-05 0.0003544672 0 0.0005737562 4.806335e-05 6.007918e-06 3.003959e-05 3.003959e-06 6.007918e-06
6.007918e-06 0.0008621363 3.304355e-05 0.003334395 0.005214873 0.03334395 0.0003544672 0.0007479858 0.0315596 0.001793364 1.50198e-05 0.01021346 9.612669e-05 2.703563e-05 0.01364098 0 3.003959e-06 9.011878e-06 1.201584e-05 0.001174548 0 0.0006128077 9.011878e-06 0.01154422 0.0002493286 7.209502e-05 0.001018342 0.001021346 0.0005497245 6.007918e-06 1.50198e-05 0.007578989 0 0.0001381821 0 8.411086e-05 6.308314e-05 0.0001201584 4.505939e-05 0.02130408 0.0002613445 3.003959e-06 3.003959e-06 0 0 6.007918e-06 0.0001321742 0 4.205543e-05 5.707523e-05 1.802376e-05 9.312274e-05 0.0001021346 3.003959e-06 6.007918e-05 0 9.011878e-06 3.003959e-06 1.201584e-05 0 0 0 3.304355e-05 0 1.50198e-05 3.003959e-06 0.0001742296 0 3.003959e-06 9.011878e-06 0.000147194 1.802376e-05 0 3.003959e-06 0 3.003959e-06 3.003959e-06 6.007918e-06 3.003959e-06 0 9.011878e-06 0 5.106731e-05 0 0 0
4.806335e-05 0.001249647 0.001348778 6.007918e-06 0 1.201584e-05 0.0002072732 4.505939e-05 0.001541031 4.505939e-05 9.312274e-05 0 0.0001051386 3.905147e-05 0 0.04470793 0.0008020571 7.209502e-05 0.0001742296 0 0.018213 0.07125692 0.05491538 0.01060698 6.308314e-05 0.0006909106 0.04935805 0.01292003 0.0001592098 0.001156524 9.011878e-06 0 0 0.002820718 0.0001982613 0.05576249 0.01276082 0.0149447 0.009056937 0.0001231623 2.703563e-05 4.205543e-05 0.0001321742 0 0.0004956533 0.006308314 8.711482e-05 0 3.003959e-06 0.0005467206 1.50198e-05 0.0003214236 1.50198e-05 0 0 9.011878e-06 3.604751e-05 0 0.05618605 7.810294e-05 0 3.003959e-05 3.003959e-06 0.001520003 0.02463547 0.02194392 0.006323334 6.007918e-06 0.0001892494 0.01139402 0.003956214 5.407127e-05 0.0002252969 3.003959e-06 0 9.011878e-06 6.308314e-05 3.003959e-06 0.003772973 0.002006645 0.0005737562 0.0006698829 1.201584e-05 9.011878e-06 0 2.102771e-05
0.006533611 0.0006578671 0.1630429 0.000147194 0 0.0008651403 0.01472541 0.005160802 5.106731e-05 0.001090437 0.00177534 1.50198e-05 0.0001171544 0.004364753 3.003959e-06 0.0008020571 0.03126521 0.006374401 0.02368321 3.304355e-05 0.03093477 0.0004505939 0.06513184 0.001348778 4.205543e-05 0.0405144 0.2994737 0.01341869 0.02259879 0.0448371 2.403167e-05 0.0001351782 0.0004325701 0.0179036 1.201584e-05 0.005070683 0.000738974 0.03099185 0.005061671 2.102771e-05 6.909106e-05 1.201584e-05 2.403167e-05 3.003959e-06 0.001036366 0.002910836 9.011878e-06 0 0 6.60871e-05 6.007918e-06 1.201584e-05 3.003959e-06 3.003959e-05 0 9.011878e-06 2.102771e-05 0 7.509898e-05 0.0004956533 2.703563e-05 0.0002733603 0 1.802376e-05 3.905147e-05 0.0001532019 3.304355e-05 2.703563e-05 0.001943562 0.001114469 1.802376e-05 2.102771e-05 9.011878e-06 1.50198e-05 0 3.003959e-06 0.0001802376 6.007918e-06 0.0006037958 0.0002373128 0.0006338354 0.0003754949 0 0 6.007918e-06 0
0.000369487 0.001318738 0.004644121 3.905147e-05 9.011878e-05 0.0004566018 0.0007810294 0.001171544 0.0005377087 0.0008921759 0.03972436 0.0004716216 0.005797641 0.001129489 9.011878e-06 7.209502e-05 0.006374401 0.01097346 0.02438314 0.0003274316 0.0005347047 0.0006548631 0.001811387 0.0004325701 0.004367757 0.10622 0.05979982 0.0006218196 0.002328068 0.0005587364 0.005398115 0.0008591323 1.201584e-05 0.02563278 9.011878e-06 0.006728869 0.01043575 0.04965545 0.005800645 9.612669e-05 4.505939e-05 3.003959e-05 1.201584e-05 3.003959e-06 0.0004115424 0.0001532019 9.011878e-06 0 0 1.50198e-05 0 9.011878e-06 0 0.000297392 0 0.0008471165 6.007918e-06 0 6.007918e-06 9.913065e-05 0.0006728869 0.002120795 0 3.003959e-06 1.802376e-05 3.905147e-05 1.50198e-05 0.002673524 0.001817395 0.01125884 2.403167e-05 9.011878e-06 1.201584e-05 0.0005827681 0 0 0.0001862455 6.007918e-06 0.0005317008 0.0002012653 0.0004806335 0.0001111465 0 0 1.201584e-05 0
0.0007269581 0.0008200809 0.01761221 3.604751e-05 3.304355e-05 0.0002643484 0.00179036 0.0006488552 0.0001712257 0.0004986572 0.005554321 0.0001712257 0.00118356 0.0006368394 1.201584e-05 0.0001742296 0.02368321 0.02438314 0.02740512 0.0001081425 0.002295025 0.0003094078 0.007122387 0.0004566018 0.001051386 0.132021 0.1111104 0.001856447 0.002721587 0.001270675 0.000438578 0.0002072732 3.003959e-05 0.0282973 3.003959e-06 0.01187465 0.007512902 0.04170397 0.006043966 0.0001562059 2.102771e-05 9.011878e-06 2.102771e-05 9.011878e-06 0.001432889 0.000516681 3.003959e-06 0 0 3.905147e-05 6.007918e-06 3.003959e-06 0 0.0002703563 0 0.0001832415 2.102771e-05 0 2.403167e-05 0.0001982613 0.0004626097 0.002039688 0 9.011878e-06 2.703563e-05 8.711482e-05 2.703563e-05 0.0008501205 0.00268554 0.005307996 2.102771e-05 3.003959e-06 1.802376e-05 0.0001802376 0 0 0.0002763642 1.50198e-05 0.0005797641 0.0001892494 0.0007720175 0.000297392 3.003959e-06 0 9.011878e-06 0
0.0004535978 0 7.810294e-05 0.08910344 6.909106e-05 0.02216021 0.0006488552 0.01445806 0.01042374 0.05300486 0.001324746 0.06870055 0.0001171544 0.008822628 0.001174548 0 3.304355e-05 0.0003274316 0.0001081425 0.01945364 1.50198e-05 3.003959e-06 6.007918e-05 0.004737244 1.802376e-05 0.0008771561 0.0005767602 0.05020217 0.01671103 5.106731e-05 4.505939e-05 0.001883482 7.810294e-05 0.008098674 3.604751e-05 0.003040007 7.209502e-05 0.01933348 0.002976924 0.001928542 0.003015975 3.003959e-05 0.0001982613 3.003959e-06 1.802376e-05 3.003959e-06 0.008011559 0 0.0004085385 0.002159847 0.0003965226 0.005431158 0.002703563 9.011878e-06 0.0007720175 6.007918e-06 0.0002313049 3.905147e-05 3.003959e-06 0 3.003959e-06 9.011878e-06 0.001288699 0 0.0001321742 0 0.006236219 6.007918e-06 9.011878e-06 7.509898e-05 0.00620618 0.000297392 0 0 6.007918e-06 9.011878e-06 0.0001351782 0 0.0002012653 3.003959e-06 0.0004686176 9.011878e-06 0.0001321742 2.102771e-05 3.003959e-06 0
0.002418187 8.411086e-05 0.02038787 7.810294e-05 0 0.0008921759 0.02454235 0.003625779 0.0004145464 0.001670201 0.0004866414 2.102771e-05 0.0002523326 0.002811706 0 0.018213 0.03093477 0.0005347047 0.002295025 1.50198e-05 0.1456349 0.003790997 0.315653 0.002412179 2.703563e-05 0.004226571 0.04288753 0.05102225 0.008396066 0.1254513 2.703563e-05 7.209502e-05 0.0001742296 0.07642973 0.0007810294 0.1126725 0.007753219 0.1275481 0.05362668 0.0002493286 0.0001592098 0.0004746256 0.0001982613 3.003959e-06 6.007918e-05 0.0004205543 6.308314e-05 0 6.007918e-06 0.000219289 1.201584e-05 0.0001231623 1.802376e-05 0 0 0 1.201584e-05 0 0.005941831 4.806335e-05 0 1.802376e-05 0 0.0004896454 0.002445223 0.001318738 0.003643803 0 0.0001051386 0.0007239542 0.001637158 2.403167e-05 6.308314e-05 0 0 0 1.802376e-05 1.201584e-05 0.002922852 0.0002883801 0.0001291702 9.612669e-05 6.007918e-06 0 6.007918e-06 3.003959e-06
2.102771e-05 0.06739383 0.003640799 2.403167e-05 2.403167e-05 2.403167e-05 0.0004265622 6.007918e-05 0.05647143 4.205543e-05 0.001075417 6.007918e-06 0.006803968 2.703563e-05 0.0006128077 0.07125692 0.0004505939 0.0006548631 0.0003094078 3.003959e-06 0.003790997 0.01415766 0.02392353 0.09465776 0.02590314 0.003388466 0.08395165 0.007116379 0.0001111465 0.0009342313 0.0005286968 1.201584e-05 3.003959e-06 0.0006518592 1.201584e-05 0.006491556 0.004433844 0.003298347 0.0008170769 0.0004806335 6.007918e-06 0.000222293 3.003959e-06 6.007918e-06 0.0006939146 0.004103408 3.304355e-05 0 3.003959e-06 0.0001231623 6.007918e-06 0.0001231623 3.003959e-06 6.007918e-05 0 0.0002343088 9.011878e-06 0 0.01065204 8.11069e-05 9.011878e-06 5.407127e-05 0 0.0004175503 0.001796368 0.002922852 0.002595421 7.209502e-05 0.0003094078 0.003890127 0.001228619 4.205543e-05 8.711482e-05 0.0001081425 0 3.003959e-06 4.806335e-05 6.007918e-06 0.0007119383 0.0004145464 0.0002072732 0.0001321742 6.007918e-06 6.007918e-06 0 0
0.00930927 0.0001952573 0.1074997 0.0003244276 6.007918e-06 0.003316371 0.09235673 0.01436493 0.0001081425 0.005776614 0.001622138 4.205543e-05 0.0004265622 0.01151418 9.011878e-06 0.05491538 0.06513184 0.001811387 0.007122387 6.007918e-05 0.315653 0.02392353 0.2607887 0.01609521 5.407127e-05 0.02829429 0.1954857 0.1937914 0.03593036 0.2486347 5.106731e-05 0.0002883801 0.0009101996 0.06310718 0.001252651 0.2846161 0.05010604 0.2362013 0.08574501 0.000738974 0.0004746256 0.0004746256 0.0007029265 1.50198e-05 0.0005347047 0.01133093 2.703563e-05 0 3.003959e-06 0.0006999225 3.003959e-05 4.505939e-05 2.403167e-05 6.007918e-06 0 0 5.407127e-05 0 0.06341358 0.000294388 9.011878e-06 7.209502e-05 0 0.001264667 0.0162394 0.02741113 0.002258977 1.201584e-05 0.0007780254 0.01687925 0.001778344 4.205543e-05 0.0002823722 0 0 9.011878e-06 0.0001111465 5.106731e-05 0.006951162 0.002514314 0.0006578671 0.0008621363 1.802376e-05 9.011878e-06 3.003959e-06 3.304355e-05
0.01159528 0.03442537 0.003739929 0.03492103 0.0001532019 0.008921759 0.07665503 0.01529316 0.1173106 0.0135779 0.0008741521 0.002598425 0.003334395 0.01293505 0.01154422 0.01060698 0.001348778 0.0004325701 0.0004566018 0.004737244 0.002412179 0.09465776 0.01609521 0.06249437 0.009288242 0.002688544 0.0641105 0.09250092 0.0342181 0.01605917 0.0002793682 0.0005016612 0.002721587 0.0107752 0.0004746256 0.05748977 0.00562942 0.03228355 0.0161583 0.004166491 0.001291702 0.0001652178 0.0003604751 0.0003604751 0.0005497245 0.002457239 0.008891719 1.201584e-05 0.0004716216 0.01224113 0.001075417 0.03797004 0.002745619 9.612669e-05 0.000808065 0.0001231623 0.001306722 2.703563e-05 0.01436193 4.505939e-05 1.201584e-05 2.703563e-05 0.001288699 0.002060716 0.009687768 0.002225934 0.09990568 8.711482e-05 0.0003064038 0.002030676 0.06533311 0.004659141 0.0007089344 6.308314e-05 1.50198e-05 0.0006338354 0.002340084 0.0002012653 0.01140003 0.0006488552 0.01144508 0.0005437166 0.0004535978 0.0003845068 1.802376e-05 5.707523e-05
1.802376e-05 0.01950771 2.703563e-05 3.003959e-06 9.011878e-06 3.003959e-05 3.905147e-05 3.905147e-05 0.01429885 2.403167e-05 0.01497774 2.403167e-05 0.04285148 5.106731e-05 0.0002493286 6.308314e-05 4.205543e-05 0.004367757 0.001051386 1.802376e-05 2.703563e-05 0.02590314 5.407127e-05 0.009288242 0.003778981 0.0232146 0.06104045 0.0001351782 5.106731e-05 9.011878e-06 0.004713212 3.905147e-05 0 0.003926175 0 0.002880797 0.02053507 0.02257175 0.004310681 0.0002343088 6.60871e-05 0.008882707 6.007918e-05 0 0.0009101996 6.007918e-06 0 0 0 1.201584e-05 0 9.011878e-06 0 0.001207592 3.003959e-06 0.005536297 3.003959e-06 0 6.007918e-06 4.205543e-05 0.0003334395 0.0009222155 0 6.007918e-06 3.604751e-05 1.50198e-05 3.003959e-05 0.002439215 0.001186564 0.007855353 1.50198e-05 0 6.007918e-06 0.001784352 0 0 0.0001532019 0 0.0005437166 0.000441582 0.0003875107 7.209502e-05 0 0 5.407127e-05 0
0.001240635 0.01059496 0.1927761 0.0002343088 0.0002343088 0.001544035 0.00942342 0.003538664 0.002267989 0.002970916 0.08173172 0.001324746 0.005049655 0.002904829 7.209502e-05 0.0006909106 0.0405144 0.10622 0.132021 0.0008771561 0.004226571 0.003388466 0.02829429 0.002688544 0.0232146 0.2677098 0.3673752 0.008876699 0.006470528 0.002505302 0.00147194 0.002057712 4.806335e-05 0.07581092 7.209502e-05 0.05520376 0.08332382 0.2161198 0.03941495 0.0007299621 0.000150198 0.0003094078 0.0001381821 0.0001682217 0.01681917 0.005323016 1.50198e-05 0 0 0.0006158116 0.0001652178 9.612669e-05 1.50198e-05 0.002289017 6.007918e-06 0.004508943 0.0003064038 3.003959e-06 5.707523e-05 0.003574711 0.003947202 0.01774739 6.007918e-06 0.0001862455 0.0003124118 0.0008891719 0.0001682217 0.0102435 0.03544672 0.04970351 0.0002643484 0.0002853761 0.0003154157 0.002421191 0 3.604751e-05 0.003334395 0.0001021346 0.008807608 0.003433525 0.009330297 0.004403804 5.407127e-05 0 7.810294e-05 3.604751e-05
0.001030358 0.1422014 0.1701533 0.0002763642 0.000150198 0.001108461 0.007705155 0.002658504 0.03204023 0.002162851 0.07293913 0.0009162076 0.08973427 0.002331072 0.001018342 0.04935805 0.2994737 0.05979982 0.1111104 0.0005767602 0.04288753 0.08395165 0.1954857 0.0641105 0.06104045 0.3673752 0.5770906 0.06347366 0.005791633 0.003947202 0.009606662 0.001345774 9.612669e-05 0.1916196 0.000738974 0.6066796 0.2259338 0.6382692 0.1673085 0.005070683 0.0005467206 0.001991625 0.001075417 0.0002072732 0.05101023 0.1081215 3.304355e-05 0 6.007918e-06 0.002264985 0.0002703563 0.0001051386 5.407127e-05 0.002985935 0 0.00870247 0.0007029265 0 0.02683136 0.01121678 0.003475581 0.01530517 3.003959e-06 0.001078421 0.01870866 0.03835756 0.001249647 0.01411861 0.04826161 0.1250969 0.001853443 0.0003514632 0.0004265622 0.004436848 3.003959e-06 6.308314e-05 0.00428665 0.000222293 0.01787656 0.007882389 0.01391734 0.00723053 5.106731e-05 9.011878e-06 0.0001832415 5.407127e-05
0.02509508 0.0004716216 0.05711127 0.08162058 2.703563e-05 0.06999225 0.4731326 0.03216339 0.03916862 0.213957 0.001042374 0.010625 0.0003304355 0.02416084 0.001021346 0.01292003 0.01341869 0.0006218196 0.001856447 0.05020217 0.05102225 0.007116379 0.1937914 0.09250092 0.0001351782 0.008876699 0.06347366 0.1626494 0.103189 0.211695 5.707523e-05 0.001186564 0.009252194 0.08371434 0.002258977 0.2163391 0.007143415 0.1548541 0.08384651 0.001964589 0.003742933 0.0004626097 0.001243639 0.0005407127 0.00014419 0.001225615 0.01340967 2.703563e-05 0.0009913065 0.02942378 0.002319057 0.02392654 0.005518273 0.0001772336 0.0008290927 1.201584e-05 0.002171863 3.304355e-05 0.0117605 7.810294e-05 2.703563e-05 4.205543e-05 0.001835419 0.00148696 0.004764279 0.003202221 0.08783276 9.011878e-06 0.000291384 0.002292021 0.06943952 0.00704128 0.0008020571 9.011878e-06 1.50198e-05 0.0006007918 0.003283327 0.000294388 0.01361995 0.0007209502 0.01593901 0.0007569977 0.0006338354 0.0006909106 3.304355e-05 9.312274e-05
0.1026903 2.703563e-05 0.002856765 0.01062801 6.308314e-05 0.03109398 0.1418229 0.07706657 0.002538346 0.05997705 0.006918118 0.02310045 0.0004055345 0.0977218 0.0005497245 0.0001592098 0.02259879 0.002328068 0.002721587 0.01671103 0.008396066 0.0001111465 0.03593036 0.0342181 5.106731e-05 0.006470528 0.005791633 0.103189 0.1414054 0.221584 0.0001802376 0.00562942 0.03669637 0.07093249 2.403167e-05 0.009114012 0.0005977879 0.04468089 0.003673842 0.0008290927 0.0006037958 3.003959e-05 0.0001351782 2.102771e-05 4.505939e-05 6.909106e-05 0.0005046651 0 2.102771e-05 0.00177534 0.0001051386 0.001553047 0.0001111465 9.011878e-06 3.604751e-05 2.403167e-05 0.0001922534 3.003959e-06 8.411086e-05 1.201584e-05 2.102771e-05 3.003959e-05 3.604751e-05 3.003959e-05 3.604751e-05 2.102771e-05 0.006248235 3.604751e-05 5.106731e-05 0.0001952573 0.005767602 0.0006218196 7.509898e-05 9.011878e-06 0 9.612669e-05 0.0003244276 3.304355e-05 0.001432889 1.802376e-05 0.001613126 8.411086e-05 7.209502e-05 7.810294e-05 0 3.003959e-06
0.06709944 5.106731e-05 0.008191797 0.0002102771 1.802376e-05 0.002802694 0.09465175 0.06460315 0.0007089344 0.001970597 0.00134277 6.308314e-05 0.0001141505 0.1166888 6.007918e-06 0.001156524 0.0448371 0.0005587364 0.001270675 5.106731e-05 0.1254513 0.0009342313 0.2486347 0.01605917 9.011878e-06 0.002505302 0.003947202 0.211695 0.221584 0.1998594 4.205543e-05 0.001465932 0.008774565 0.06020235 0.0001111465 0.01369205 0.00073597 0.05625214 0.01053488 6.308314e-05 0.001084429 7.509898e-05 7.509898e-05 1.50198e-05 1.50198e-05 8.11069e-05 5.407127e-05 0 0 0.0003364434 1.802376e-05 0.0003754949 2.102771e-05 3.003959e-06 0 9.011878e-06 1.802376e-05 0 0.001516999 1.201584e-05 0 3.003959e-06 0 0.0002643484 0.0008771561 0.0001411861 0.003812024 0 3.304355e-05 7.209502e-05 0.002295025 0.0001141505 2.703563e-05 0 0 1.50198e-05 6.909106e-05 6.007918e-06 0.0006578671 8.11069e-05 0.0002433207 1.802376e-05 6.007918e-06 6.007918e-06 0 0
3.003959e-05 0.00105439 1.50198e-05 0 1.201584e-05 6.60871e-05 7.209502e-05 0.0001772336 0.000297392 0.0001712257 0.02595721 4.205543e-05 0.008194801 0.00014419 1.50198e-05 9.011878e-06 2.403167e-05 0.005398115 0.000438578 4.505939e-05 2.703563e-05 0.0005286968 5.106731e-05 0.0002793682 0.004713212 0.00147194 0.009606662 5.707523e-05 0.0001802376 4.205543e-05 0.0006758908 9.612669e-05 0 0.00544017 0 0.0006308314 0.009684765 0.01084429 0.002228938 1.201584e-05 6.007918e-06 0.0003634791 0 3.003959e-06 0.0001381821 1.201584e-05 0 0 0 6.007918e-06 0 9.011878e-06 0 0.0005377087 0 0.00352064 3.003959e-06 0 3.003959e-06 6.007918e-06 0.0001592098 0.0003995266 0 0 3.905147e-05 9.011878e-06 1.201584e-05 0.001766328 0.0007840334 0.007494878 0 6.007918e-06 6.007918e-06 0.001309726 0 0 5.707523e-05 3.003959e-06 0.0001351782 0.0003965226 0.0001922534 3.003959e-05 3.003959e-06 0 2.403167e-05 0
0.001057394 3.003959e-06 0.0001592098 0.0001892494 0.0003094078 0.03650111 0.003869099 0.04028309 0.0005046651 0.006410449 0.003742933 0.006924126 0.0003064038 0.005512265 0.007578989 0 0.0001351782 0.0008591323 0.0002072732 0.001883482 7.209502e-05 1.201584e-05 0.0002883801 0.0005016612 3.905147e-05 0.002057712 0.001345774 0.001186564 0.00562942 0.001465932 9.612669e-05 0.0001021346 9.011878e-06 0.008041599 2.403167e-05 0.002628464 0.000150198 0.009684765 0.0006308314 0.009943105 0.003106094 2.703563e-05 2.102771e-05 0 3.003959e-06 6.007918e-06 8.711482e-05 0 3.003959e-06 4.806335e-05 0 3.003959e-05 1.50198e-05 0 1.802376e-05 3.003959e-06 3.003959e-06 0 0 0 0 2.703563e-05 6.007918e-06 0 0 0 6.007918e-05 1.201584e-05 2.403167e-05 7.509898e-05 9.913065e-05 9.011878e-06 0 6.007918e-06 0 3.003959e-06 6.007918e-06 0 1.802376e-05 9.011878e-06 2.102771e-05 0 1.201584e-05 0 0 0
0.01118374 0 5.106731e-05 0.0005977879 0 0.0002403167 0.01322643 0.0002493286 0.0001081425 0.0005587364 3.304355e-05 1.50198e-05 0 0.00073597 0 0 0.0004325701 1.201584e-05 3.003959e-05 7.810294e-05 0.0001742296 3.003959e-06 0.0009101996 0.002721587 0 4.806335e-05 9.612669e-05 0.009252194 0.03669637 0.008774565 0 9.011878e-06 0.0006548631 0.004280642 0 5.106731e-05 1.50198e-05 0.003890127 0.0004716216 3.003959e-06 1.50198e-05 9.011878e-06 0 6.007918e-06 0 0 1.201584e-05 0 0 9.312274e-05 9.011878e-06 7.810294e-05 0 3.003959e-06 0 0 9.011878e-06 0 0 0 0 0 0 0 0 0 0.0002162851 0 0 0 0.0002313049 2.403167e-05 0 0 0 6.007918e-06 1.802376e-05 0 6.308314e-05 0 7.509898e-05 0 0 0 0 0
0.01880779 0.0006969185 0.02271594 0.003682854 0.0009492511 0.01313031 0.04827362 0.02815611 0.000811069 0.02410076 0.09337807 0.01321742 0.02706267 0.02348796 0.0001381821 0.002820718 0.0179036 0.02563278 0.0282973 0.008098674 0.07642973 0.0006518592 0.06310718 0.0107752 0.003926175 0.07581092 0.1916196 0.08371434 0.07093249 0.06020235 0.00544017 0.008041599 0.004280642 0.05530289 0.0002673524 0.02217222 0.005926812 0.09119119 0.02165554 0.0004025305 0.0004896454 0.001231623 0.0002853761 9.011878e-06 0.000438578 0.001102453 0.0002313049 0 1.50198e-05 0.0005557325 3.003959e-05 0.0003454553 6.60871e-05 0.0001832415 3.003959e-06 0.0005587364 2.403167e-05 0 0.000222293 0.0002883801 0.0001201584 0.0003965226 9.011878e-06 1.50198e-05 7.509898e-05 0.0001712257 0.0008981838 0.0003724909 0.00100933 0.001730281 0.0009522551 0.0001261663 2.703563e-05 0.0001562059 0 1.201584e-05 0.0001592098 3.003959e-05 0.001174548 0.0003364434 0.0005106731 0.0001652178 1.50198e-05 1.802376e-05 6.60871e-05 1.50198e-05
6.007918e-06 3.003959e-06 0.0001081425 0.0001351782 0 0.0002072732 0.0007059304 8.711482e-05 2.102771e-05 0.0001862455 1.50198e-05 9.011878e-06 8.411086e-05 2.703563e-05 0 0.0001982613 1.201584e-05 9.011878e-06 3.003959e-06 3.604751e-05 0.0007810294 1.201584e-05 0.001252651 0.0004746256 0 7.209502e-05 0.000738974 0.002258977 2.403167e-05 0.0001111465 0 2.403167e-05 0 0.0002673524 0.6375363 0.09791705 0.0008351007 0.003166173 0.00572855 5.407127e-05 0.0006037958 0.0002102771 0.000663875 0 9.913065e-05 9.612669e-05 9.011878e-06 0 0 6.007918e-05 0 1.201584e-05 6.007918e-06 2.703563e-05 0 1.802376e-05 3.003959e-06 0 2.102771e-05 9.011878e-06 6.60871e-05 1.802376e-05 0 1.201584e-05 2.703563e-05 0.0002072732 5.707523e-05 3.003959e-06 0.0003484593 0.002135815 7.810294e-05 1.802376e-05 0 4.806335e-05 0 0 0.00014419 0.246616 0.003469573 0.0009612669 0.002679532 0.01307023 9.011878e-06 0.0001141505 0.0001081425 0.000219289
0.0008050611 0.002610441 0.03296845 0.01106959 0.0001532019 0.006022938 0.06235919 0.01073915 0.002243958 0.01331355 0.007143415 0.0007840334 0.008591323 0.002129807 8.411086e-05 0.05576249 0.005070683 0.006728869 0.01187465 0.003040007 0.1126725 0.006491556 0.2846161 0.05748977 0.002880797 0.05520376 0.6066796 0.2163391 0.009114012 0.01369205 0.0006308314 0.002628464 5.106731e-05 0.02217222 0.09791705 0.0626716 0.4038373 0.172262 0.09174091 0.05802147 0.04407709 0.02232843 0.01419972 9.913065e-05 0.003502616 0.007885393 0.000219289 3.003959e-06 2.703563e-05 0.002874789 0.00014419 0.001495972 0.000147194 0.000438578 9.011878e-06 0.0002523326 0.0002643484 0 0.002030676 0.001679213 0.000297392 0.001685221 1.50198e-05 0.0001532019 0.0006308314 0.002748623 0.00587274 0.0004806335 0.007774246 0.008089662 0.005509261 0.0007029265 0.0001171544 0.0001982613 0 8.11069e-05 0.001513995 0.002850757 0.01080825 0.01507387 0.004770287 0.002361112 6.60871e-05 0.0002733603 0.0009883026 0.0003454553
0.0001201584 0.004827362 0.005217877 9.612669e-05 0 0.0004205543 0.002397159 0.0007780254 0.001438896 0.0005587364 0.04101906 0.0001772336 0.05861926 0.0002553365 6.308314e-05 0.01276082 0.000738974 0.01043575 0.007512902 7.209502e-05 0.007753219 0.004433844 0.05010604 0.00562942 0.02053507 0.08332382 0.2259338 0.007143415 0.0005977879 0.00073597 0.009684765 0.000150198 1.50198e-05 0.005926812 0.0008351007 0.4038373 0.07684128 0.09395483 0.08071638 0.00548523 0.003598743 0.004523963 0.005058667 4.205543e-05 0.004220563 0.004304674 3.003959e-06 0 0 0.0001652178 3.604751e-05 5.106731e-05 9.011878e-06 0.001841427 0 0.004965545 7.509898e-05 0 0.0007870373 0.001063402 0.0006308314 0.002721587 0 5.407127e-05 0.0002102771 0.001114469 0.0001141505 0.001865459 0.006800964 0.009171087 0.0001682217 7.810294e-05 6.60871e-05 0.000958263 0 0 0.0007179463 9.913065e-05 0.027315 0.00177534 0.00191953 0.001069409 9.011878e-06 9.011878e-06 0.0004686176 2.703563e-05
0.0131994 0.003265304 0.04308879 0.01356888 0.000811069 0.02064621 0.1085691 0.02973319 0.00203368 0.05831586 0.1346164 0.02052005 0.05590669 0.02185981 0.0001201584 0.0149447 0.03099185 0.04965545 0.04170397 0.01933348 0.1275481 0.003298347 0.2362013 0.03228355 0.02257175 0.2161198 0.6382692 0.1548541 0.04468089 0.05625214 0.01084429 0.009684765 0.003890127 0.09119119 0.003166173 0.172262 0.09395483 0.07952381 0.01762423 0.001526011 0.003634791 0.007077328 0.001378817 4.806335e-05 0.002877793 0.003956214 0.0004746256 0 3.604751e-05 0.002165855 0.0001411861 0.001081425 0.0001592098 0.0004776295 1.201584e-05 0.0008290927 0.0001892494 3.003959e-06 0.001108461 0.001123481 0.0005677483 0.002523326 4.806335e-05 9.612669e-05 0.0002403167 0.00103937 0.00292886 0.001823403 0.005311 0.008390058 0.002865777 0.0004505939 8.711482e-05 0.0004025305 3.003959e-06 1.802376e-05 0.001363797 0.0001832415 0.02454235 0.001006326 0.002406171 0.001354786 4.205543e-05 6.909106e-05 0.000147194 0.000150198
0.0009252194 0.000958263 0.009062945 0.004905465 3.604751e-05 0.003851076 0.03609858 0.004148468 0.0007479858 0.01061299 0.0209436 0.001859451 0.01353584 0.001432889 4.505939e-05 0.009056937 0.005061671 0.005800645 0.006043966 0.002976924 0.05362668 0.0008170769 0.08574501 0.0161583 0.004310681 0.03941495 0.1673085 0.08384651 0.003673842 0.01053488 0.002228938 0.0006308314 0.0004716216 0.02165554 0.00572855 0.09174091 0.08071638 0.01762423 0.004418824 0.0004085385 0.0005076691 0.003259296 0.0009282234 2.703563e-05 0.001108461 0.001042374 0.0001111465 0 9.011878e-06 0.0008621363 4.806335e-05 0.0004986572 4.505939e-05 9.011878e-05 0 0.0001772336 9.312274e-05 0 0.0004205543 0.0003214236 0.0001892494 0.0007059304 1.50198e-05 3.304355e-05 0.0001141505 0.0003544672 0.001408857 0.0003424514 0.002045696 0.002099767 0.001360794 0.00014419 3.003959e-05 4.806335e-05 0 3.003959e-05 0.0003424514 0.0007269581 0.006873059 0.0002853761 0.0008951798 0.0003995266 9.011878e-06 1.50198e-05 4.806335e-05 2.102771e-05
2.703563e-05 0.0006428473 0.000366483 0.001393837 0.01080524 0.04783805 0.001015338 0.001012334 0.008047607 0.005314004 6.909106e-05 0.01081125 0.0001321742 0.0001201584 0.02130408 0.0001231623 2.102771e-05 9.612669e-05 0.0001562059 0.001928542 0.0002493286 0.0004806335 0.000738974 0.004166491 0.0002343088 0.0007299621 0.005070683 0.001964589 0.0008290927 6.308314e-05 1.201584e-05 0.009943105 3.003959e-06 0.0004025305 5.407127e-05 0.05802147 0.00548523 0.001526011 0.0004085385 0.005881752 0.0008561284 3.003959e-05 0.0001021346 0 4.806335e-05 5.707523e-05 0.0003033999 0 6.60871e-05 8.11069e-05 2.703563e-05 9.312274e-05 0.0001351782 9.011878e-06 0.0001291702 6.007918e-06 2.703563e-05 2.102771e-05 6.007918e-06 2.403167e-05 6.007918e-06 1.201584e-05 7.810294e-05 3.003959e-06 9.011878e-06 6.007918e-06 0.0002703563 1.50198e-05 0.0001081425 0.0001081425 0.0002673524 2.703563e-05 0 0 0 0 6.007918e-06 6.007918e-06 0.0003124118 8.711482e-05 6.60871e-05 9.011878e-06 0.0001411861 6.007918e-06 0 0
0.0003935187 0 9.011878e-05 0.0009702788 0.0001562059 0.004593054 0.004289654 0.00780729 0.0001291702 0.007305629 0.0001772336 0.003950206 0.0009132036 0.001450912 0.0002613445 2.703563e-05 6.909106e-05 4.505939e-05 2.102771e-05 0.003015975 0.0001592098 6.007918e-06 0.0004746256 0.001291702 6.60871e-05 0.000150198 0.0005467206 0.003742933 0.0006037958 0.001084429 6.007918e-06 0.003106094 1.50198e-05 0.0004896454 0.0006037958 0.04407709 0.003598743 0.003634791 0.0005076691 0.0008561284 3.905147e-05 0.0006368394 0.000438578 6.007918e-06 6.007918e-06 3.003959e-06 0.0001111465 0 6.007918e-06 0.0002252969 1.201584e-05 7.509898e-05 1.802376e-05 0 3.003959e-06 3.003959e-06 9.011878e-06 0 3.003959e-06 0 3.003959e-06 3.003959e-06 6.007918e-06 0 0 0 0.0001832415 0 9.011878e-06 3.003959e-06 0.0002493286 3.304355e-05 3.003959e-06 0 0 0 2.102771e-05 0.0001051386 0.0003995266 1.201584e-05 7.209502e-05 2.403167e-05 3.003959e-06 0 0 3.003959e-06
