0.01841629 2.948965e-06 0.01566785 0.0004718344 0 0.0003332331 0.09955707 0.002718946 0.001477432 0.001008546 5.603034e-05 1.474483e-05 1.179586e-05 0.03895583 3.538758e-05 3.538758e-05 0.01847232 2.948965e-05 0.00259214 0.0001798869 0.003945715 0 0.02469758 0.008784967 0 0.0008080165 0.0005042731 0.02130038 0.05262134 0.07536375 2.948965e-06 3.833655e-05 0.0003214372 0.004623977 2.948965e-06 0.0004511917 4.128551e-05 0.0008198123 9.141792e-05 5.308137e-05 2.654069e-05 0 8.846896e-06 2.948965e-05 2.948965e-06 2.948965e-06 1.474483e-05 0 2.948965e-06 0.0001857848 2.654069e-05 0.0004040082 2.948965e-05 0 0 0 8.551999e-05 0 1.179586e-05 0 2.948965e-06 2.948965e-06 2.948965e-06 5.89793e-06 0 5.89793e-06 0.001079321 0 2.948965e-06 1.179586e-05 0.001040985 0.0001651421 1.769379e-05 0 0 2.948965e-06 4.128551e-05 0 0.000168091 8.846896e-06 0.0002211724 1.769379e-05 3.833655e-05 4.128551e-05 0 5.89793e-06
2.948965e-06 0.002948965 0.002730742 0 8.846896e-06 2.948965e-06 5.89793e-06 0 0.02997033 0 0.002606885 0 0.02428178 2.948965e-06 0.0001592441 0.0002477131 0.005420198 0.0002093765 0.006278347 0 5.89793e-06 0.06705357 0.0002329683 0.03428172 0.04091984 0.008481224 0.05919753 0.0002595089 3.243862e-05 9.436689e-05 0.001745787 0 1.474483e-05 0.0002388662 5.89793e-06 0.0009053323 0.001300494 0.002055429 0.0001562952 3.538758e-05 1.179586e-05 0.005113506 2.948965e-06 2.948965e-06 0.0001002648 0.002884088 0 0 0 0.00017104 5.89793e-06 8.846896e-06 2.948965e-06 6.192827e-05 0 0.0003243862 2.948965e-05 0 0 0.006284245 0.0001562952 0.001182535 0 1.179586e-05 2.359172e-05 0.0006251806 5.308137e-05 0.0001562952 0.006045379 0.0101179 6.78262e-05 8.846896e-06 5.308137e-05 5.013241e-05 0 0 0.0001415503 8.846896e-06 0.0002801517 0.00025656 0.0001887338 5.603034e-05 8.846896e-06 2.948965e-06 5.89793e-05 0
0.01566785 0.002730742 0.05255941 0.0001533462 0 0.00444704 0.08368279 0.06206982 0.0006871089 0.0003479779 0.0008257103 1.179586e-05 0.0009259751 0.1162541 0 0.003995848 0.06695331 9.436689e-05 0.006021787 4.423448e-05 0.0151046 0.002774976 0.2893348 0.01476842 8.846896e-06 0.06442014 0.2060413 0.03960755 0.02302847 0.009206669 0.00034208 0.0001769379 0.0008227613 0.02779695 0.0004895282 0.1603795 0.05671155 0.07871968 0.008319031 0.001273953 0.0003450289 0.0001327034 0.0006251806 6.78262e-05 0.007867839 0.01280736 0 0 2.948965e-06 0.00114125 8.257103e-05 0.0002948965 1.474483e-05 6.78262e-05 0 7.66731e-05 0.0001327034 0 0.003114107 0.01988782 0.000336182 0.003429647 0 0.0003951613 0.003403106 0.01235911 0.001589492 1.769379e-05 0.005140046 0.0541489 0.003072822 0.0002418151 0.0005190179 2.359172e-05 0 3.538758e-05 0.001058679 2.654069e-05 0.003756982 0.00142435 0.001946317 0.0003243862 8.551999e-05 5.89793e-06 5.89793e-06 1.769379e-05
0.0004718344 0 0.0001533462 0.02240919 0.0001533462 0.01401053 0.002777925 0.01383065 0.01785893 0.05448508 0.0002772027 0.03430531 2.359172e-05 0.01935406 0.003246811 0 2.948965e-05 3.538758e-05 0.0001002648 0.05597431 5.89793e-06 0 1.474483e-05 0.03248285 0 6.78262e-05 8.846896e-06 0.07520156 0.01229424 7.962206e-05 0 0.0003037434 0.0001415503 0.002338529 3.538758e-05 0.004379213 0.0001150096 0.01151276 0.002002347 0.003756982 0.001032138 5.89793e-06 7.66731e-05 0.0001061627 5.89793e-06 0 0.01072244 0 0.0007755778 0.003146546 0.0005573544 0.009932115 0.006761977 2.359172e-05 0.001341779 0 0.0008817406 7.077516e-05 2.359172e-05 0 5.89793e-06 0 0.003058077 0 1.474483e-05 0 0.02047467 0 8.846896e-06 2.359172e-05 0.02072828 0.0009023834 1.769379e-05 0 9.141792e-05 2.654069e-05 0.0003627227 8.846896e-06 0.0009996992 2.359172e-05 0.00159539 2.654069e-05 0.001327034 0.0002359172 2.948965e-06 1.474483e-05
0 8.846896e-06 0 0.0001533462 0 0.0001444993 3.243862e-05 8.551999e-05 0.001922725 7.077516e-05 0.0001150096 0.001418452 0.000250662 5.89793e-05 0.009764024 0 2.948965e-06 1.474483e-05 1.474483e-05 0.000336182 0 3.538758e-05 0 0.00145384 2.948965e-06 2.654069e-05 3.243862e-05 0.0002123255 0.0004659365 8.846896e-06 0 5.89793e-06 8.846896e-06 0.0003007945 0 4.718344e-05 1.179586e-05 0.0007283944 0.0002860496 0.01144199 0.0005396606 2.064276e-05 2.948965e-06 0 0 0 5.89793e-06 0 0 2.948965e-06 0 2.948965e-06 0 0 2.948965e-06 0 0 2.948965e-06 0 0 0 0 0 0 0 0 8.846896e-06 0 0 0 0 0 0 0 0 0 0 0 5.89793e-06 0 0 0 5.89793e-06 0 0 0
0.0003332331 2.948965e-06 0.00444704 0.01401053 0.0001444993 0.1618097 0.06475633 0.1673862 0.002710099 0.2131276 0.001035087 0.09589445 0.001952215 0.0257946 0.01593031 5.89793e-06 0.0008787916 9.436689e-05 0.0003833655 0.02120011 7.962206e-05 2.948965e-06 0.0006605682 0.006912374 0 0.0006694151 6.487723e-05 0.1000142 0.004267153 0.0008139144 8.846896e-06 0.001580645 5.89793e-05 0.003004996 8.846896e-06 0.002727793 0.0002624579 0.01301378 0.002654069 0.01873772 0.01547912 0.0001327034 0.0001150096 2.359172e-05 0 0 0.0002241214 2.948965e-06 2.064276e-05 0.000168091 1.179586e-05 0.0002064276 0.0001120607 2.948965e-06 0.0001002648 0 7.077516e-05 2.948965e-06 0 0 0 0 6.192827e-05 2.948965e-06 0 2.948965e-06 0.001046883 0 0 0 0.000849302 3.538758e-05 2.948965e-06 0 2.948965e-06 2.948965e-06 1.179586e-05 0 6.78262e-05 2.948965e-06 0.0001268055 1.474483e-05 3.538758e-05 1.769379e-05 0 0
0.09955707 5.89793e-06 0.08368279 0.002777925 3.243862e-05 0.06475633 0.2802844 0.1768288 0.01452955 0.07184269 0.0005514565 0.001129454 9.141792e-05 0.2758845 0.000763782 0.0009938013 0.00783835 8.551999e-05 0.001427299 0.001468585 0.01268645 8.551999e-05 0.05775843 0.05736327 2.948965e-06 0.004485376 0.002238265 0.4742762 0.09894663 0.1960796 3.243862e-05 0.0006251806 0.004736038 0.01534641 0.0001503972 0.02194915 0.0009525158 0.04110563 0.01063397 0.002418151 0.002217622 8.846896e-06 0.0001739889 0.0002654069 0 2.359172e-05 0.0004983751 2.948965e-06 9.141792e-05 0.00219403 0.0002477131 0.003255658 0.0004305489 2.654069e-05 1.474483e-05 8.846896e-06 0.0009466178 8.846896e-06 0.0001651421 1.179586e-05 0 5.89793e-06 0.0001091117 7.962206e-05 7.077516e-05 7.077516e-05 0.0109731 2.948965e-06 2.359172e-05 4.718344e-05 0.01050716 0.00131229 0.0002329683 0 5.89793e-05 7.962206e-05 0.0004010593 1.179586e-05 0.001692706 8.551999e-05 0.002465335 0.0001209076 0.0003096413 0.0003656717 0 2.654069e-05
0.002718946 0 0.06206982 0.01383065 8.551999e-05 0.1673862 0.1768288 0.2321013 0.003010893 0.1428833 0.001698604 0.08870487 0.001315238 0.1183243 0.01163957 0.0001002648 0.01644048 0.0002182234 0.004334979 0.03684142 0.001751685 5.89793e-06 0.01448827 0.01486278 5.89793e-06 0.005370066 0.0009996992 0.0857736 0.00664107 0.01364781 3.833655e-05 0.0007372413 0.0002005296 0.004647569 1.179586e-05 0.005803564 0.0003656717 0.01323201 0.002657018 0.01923315 0.009360016 0.0001091117 0.0001916827 3.538758e-05 2.948965e-06 0 0.0004276 0 3.833655e-05 0.000507222 5.89793e-05 0.0006281296 0.0002211724 5.89793e-06 0.0001828358 2.948965e-06 0.0001798869 2.948965e-06 1.474483e-05 0 0 0 7.372413e-05 2.948965e-06 2.948965e-06 0 0.002562651 0 2.948965e-06 1.179586e-05 0.002441743 0.0002388662 1.769379e-05 2.948965e-06 2.064276e-05 8.846896e-06 8.846896e-05 0 0.0002211724 1.179586e-05 0.0004423448 2.359172e-05 6.487723e-05 5.013241e-05 2.948965e-06 2.948965e-06
0.001477432 0.02997033 0.0006871089 0.01785893 0.001922725 0.002710099 0.01452955 0.003010893 0.005166587 0.006130899 0.0001621931 0.004163939 0.00319078 0.004317285 0.009766973 0.006110256 0.001176637 6.487723e-05 0.001433197 0.01073423 0.001925674 0.03612187 0.00114125 0.2323136 0.009787616 0.002798568 0.04243561 0.03958986 0.01218218 0.01748441 0.0004040082 0.0001209076 0.001315238 0.004261255 7.962206e-05 0.0114007 0.0009407199 0.009687351 0.003417851 0.00361838 0.0004718344 0.0001120607 6.487723e-05 0.0005573544 1.769379e-05 6.78262e-05 0.00344734 0 0.0002300193 0.002409305 0.0002477131 0.002211724 0.002055429 3.833655e-05 0.000592742 4.423448e-05 0.001067525 3.243862e-05 0.006422846 1.179586e-05 1.769379e-05 8.846896e-06 0.0009702096 0.001465636 0.0001327034 0.0003833655 0.03290455 1.769379e-05 0.0001562952 0.0002359172 0.02362416 0.002020041 0.001200229 1.179586e-05 7.077516e-05 0.0002683558 0.0005573544 5.89793e-06 0.002919476 0.0004747834 0.002550855 0.0002211724 0.0004069572 0.0003066924 1.179586e-05 4.718344e-05
0.001008546 0 0.0003479779 0.05448508 7.077516e-05 0.2131276 0.07184269 0.1428833 0.006130899 0.3444155 0.002580345 0.07404852 0.0002889986 0.1384303 0.001306392 2.948965e-06 6.487723e-05 0.0003892634 0.0009407199 0.05876403 5.89793e-06 2.948965e-06 6.192827e-05 0.008817406 0 0.0007903227 7.077516e-05 0.1040808 0.04518994 0.0002034786 2.359172e-05 0.002329683 0.0001268055 0.01141839 3.243862e-05 0.01622226 0.0006222317 0.05348538 0.005075169 0.008383908 0.003170138 5.308137e-05 0.0002654069 5.603034e-05 2.948965e-06 5.89793e-06 0.007224965 0 0.0005662013 0.002503671 0.0003627227 0.005605983 0.004482427 1.179586e-05 0.0008345572 0 0.0007107006 5.013241e-05 1.179586e-05 0 2.948965e-06 0 0.001964011 0 1.179586e-05 5.89793e-06 0.01451186 0 2.948965e-06 5.89793e-06 0.01496305 0.0005691503 5.89793e-06 0 8.846896e-05 3.243862e-05 0.000253611 2.948965e-06 0.0007431392 1.179586e-05 0.001155994 1.474483e-05 0.0008168634 0.0001739889 0 2.948965e-06
5.603034e-05 0.002606885 0.0008257103 0.0002772027 0.0001150096 0.001035087 0.0005514565 0.001698604 0.0001621931 0.002580345 0.1286132 0.001725145 0.06887013 0.01148622 2.654069e-05 6.78262e-05 0.00581241 0.01565016 0.01399284 0.001512819 0.0001887338 0.0003568248 0.0005042731 0.0005986399 0.004205224 0.04477414 0.01084924 0.0009112302 0.01769969 0.0001179586 0.004320234 0.006576192 3.243862e-05 0.06957494 8.846896e-06 0.010401 0.07485653 0.1339096 0.01207011 0.001212025 0.0007018537 0.01593326 5.308137e-05 2.948965e-06 0.0001769379 2.359172e-05 2.948965e-06 0 0 3.243862e-05 5.89793e-06 5.308137e-05 8.846896e-06 0.001285749 8.846896e-06 0.009413097 1.769379e-05 2.948965e-06 0 4.423448e-05 0.0001032138 6.487723e-05 0 0 5.013241e-05 2.948965e-06 0.000250662 0.003111158 0.001849001 0.002715997 0.0001798869 3.243862e-05 0 0.0007991696 2.948965e-06 0 5.603034e-05 2.948965e-06 0.0003774675 0.001170739 0.0001297545 1.769379e-05 5.89793e-06 2.948965e-06 0.001928623 2.948965e-06
1.474483e-05 0 1.179586e-05 0.03430531 0.001418452 0.09589445 0.001129454 0.08870487 0.004163939 0.07404852 0.001725145 0.138274 0.0002477131 0.05104954 0.02591551 0 2.654069e-05 0.0002241214 0.0004452937 0.06902053 0 0 2.948965e-06 0.002839853 0 0.000421702 6.487723e-05 0.008274796 0.009100507 5.89793e-06 5.89793e-06 0.002553804 0 0.004116755 2.948965e-06 0.003117056 0.0002831007 0.01718952 0.00105573 0.02454424 0.0008050675 1.769379e-05 7.077516e-05 1.474483e-05 0 0 0.001471534 0 0.0001651421 0.0002683558 6.192827e-05 0.0008669958 0.0009879033 0 0.0008787916 0 8.846896e-05 2.064276e-05 0 0 0 0 0.0005603034 0 0 0 0.001627829 0 5.89793e-06 0 0.001837205 0.0001209076 2.948965e-06 0 2.948965e-05 0 4.128551e-05 0 0.0002270703 0 0.0001474483 8.846896e-06 0.000424651 1.179586e-05 0 0
1.179586e-05 0.02428178 0.0009259751 2.359172e-05 0.000250662 0.001952215 9.141792e-05 0.001315238 0.00319078 0.0002889986 0.06887013 0.0002477131 0.07768754 0.004848099 2.948965e-05 4.718344e-05 0.0007048027 0.006207572 0.004337928 0.0002064276 0.0001150096 0.006770824 0.0002919476 0.002167489 0.03588596 0.03485677 0.05876698 0.0002300193 0.003090516 7.66731e-05 0.02524019 0.005541106 5.89793e-06 0.005154791 8.551999e-05 0.005228515 0.07403967 0.03632535 0.002671762 0.0003125903 0.0003774675 0.01545258 3.538758e-05 0 0.0006399255 4.423448e-05 0 0 2.948965e-06 8.846896e-06 1.179586e-05 0.0001120607 2.948965e-06 0.006125001 0 0.03717466 1.474483e-05 0 8.846896e-06 7.077516e-05 0.0004541406 0.0003656717 0 0 0.0001533462 1.179586e-05 0.0002123255 0.01322316 0.01064871 0.01774097 5.013241e-05 5.89793e-06 5.89793e-06 0.003895583 1.769379e-05 0 0.0001327034 5.89793e-06 0.0006074868 0.003061026 0.0006664661 0.0002447641 5.89793e-06 2.948965e-05 0.004110858 4.718344e-05
0.03895583 2.948965e-06 0.1162541 0.01935406 5.89793e-05 0.0257946 0.2758845 0.1183243 0.004317285 0.1384303 0.01148622 0.05104954 0.004848099 0.0940307 0.001616033 0.0001179586 0.05742225 0.00125331 0.01301083 0.04839547 0.007015588 1.474483e-05 0.06322581 0.03789125 2.948965e-06 0.009805309 0.002494825 0.1202706 0.03065154 0.06549652 0.0001120607 0.001601288 0.0002654069 0.02945721 8.846896e-05 0.02760231 0.001695655 0.06236177 0.01066936 0.01887928 0.01829243 0.000424651 0.0006546703 0.0001061627 5.89793e-06 2.064276e-05 0.0005514565 2.948965e-06 3.833655e-05 0.001194331 0.0001356524 0.001335881 0.0003774675 1.769379e-05 7.077516e-05 0 0.0004865793 5.89793e-06 1.769379e-05 1.179586e-05 0 0 0.0001179586 3.538758e-05 2.654069e-05 1.474483e-05 0.006136797 1.474483e-05 1.769379e-05 7.077516e-05 0.005803564 0.000507222 9.436689e-05 0 3.243862e-05 3.243862e-05 0.0001739889 0 0.0008316082 2.948965e-05 0.001094066 6.192827e-05 0.0001503972 0.00017104 2.948965e-06 1.179586e-05
3.538758e-05 0.0001592441 0 0.003246811 0.009764024 0.01593031 0.000763782 0.01163957 0.009766973 0.001306392 2.654069e-05 0.02591551 2.948965e-05 0.001616033 0.008469428 0 1.474483e-05 0 2.359172e-05 0.008731886 2.948965e-06 0.0003656717 0 0.02588897 9.141792e-05 3.833655e-05 0.0005662013 0.003975205 0.0006458234 0.0002477131 1.179586e-05 0.00034208 2.654069e-05 0.0001621931 8.846896e-06 0.00025656 8.846896e-06 0.0006074868 0.0001209076 0.01842808 0.0001120607 2.948965e-06 5.89793e-06 5.89793e-06 0 0 0.000250662 0 2.064276e-05 2.948965e-05 2.948965e-06 0.0001503972 0.0001946317 0 6.78262e-05 0 8.846896e-06 2.948965e-06 0 0 0 0 7.077516e-05 0 0 0 0.0002182234 0 0 0 0.0003007945 2.948965e-06 0 0 2.948965e-06 0 0 0 8.257103e-05 2.948965e-06 1.179586e-05 5.89793e-06 0.0001386014 0 0 0
3.538758e-05 0.0002477131 0.003995848 0 0 5.89793e-06 0.0009938013 0.0001002648 0.006110256 2.948965e-06 6.78262e-05 0 4.718344e-05 0.0001179586 0 0.03777624 0.002931271 1.769379e-05 0.0008964854 5.89793e-06 0.01199049 0.0827804 0.03680898 0.04946299 1.769379e-05 0.001601288 0.07074568 0.01903262 0.0001179586 0.004081368 8.846896e-06 2.948965e-06 8.551999e-05 0.01904737 0.000934822 0.1287459 0.03484202 0.03728672 0.01429363 0.001188433 3.538758e-05 5.89793e-06 0.0004836303 0.0002713048 0.0003863144 0.0003981103 0 0 0 0.0005632524 2.064276e-05 0.001029189 1.179586e-05 5.89793e-06 0 5.89793e-06 0.0002654069 0 0.05284841 5.89793e-05 1.474483e-05 1.769379e-05 0 0.007245608 0.02284858 0.02116472 0.006272449 8.846896e-06 3.538758e-05 0.005838951 0.0135387 0.0008817406 0.001769379 0 0 0.0002064276 0.0004570896 1.474483e-05 0.003261556 0.001418452 0.001613084 0.0006723641 2.948965e-05 1.179586e-05 0 2.654069e-05
0.01847232 0.005420198 0.06695331 2.948965e-05 2.948965e-06 0.0008787916 0.00783835 0.01644048 0.001176637 6.487723e-05 0.00581241 2.654069e-05 0.0007048027 0.05742225 1.474483e-05 0.002931271 0.01123851 0.0007814758 0.02785298 1.769379e-05 0.005688554 0.01088758 0.02010899 0.01284864 4.718344e-05 0.03453828 0.5976255 0.01271889 0.04751373 0.02479195 4.423448e-05 0.0001061627 0.005853696 0.04555561 0.0001238565 0.02876421 0.01056909 0.08814752 0.01254195 0.0002182234 0.0001268055 0.0001268055 0.0001356524 3.243862e-05 0.002140949 0.002828058 0 2.948965e-06 5.89793e-06 0.0003037434 1.769379e-05 0.000168091 0 1.474483e-05 0 3.538758e-05 5.013241e-05 0 0.0002329683 0.005140046 0.0001061627 0.001046883 0 6.78262e-05 0.0004954262 0.001344728 0.0005838951 4.718344e-05 0.004827456 0.00846353 0.000849302 0.0001032138 0.0001238565 1.769379e-05 0 2.948965e-06 0.0001474483 2.948965e-06 0.0006487723 0.0002595089 0.0003037434 4.423448e-05 8.846896e-06 1.179586e-05 2.948965e-06 0
2.948965e-05 0.0002093765 9.436689e-05 3.538758e-05 1.474483e-05 9.436689e-05 8.551999e-05 0.0002182234 6.487723e-05 0.0003892634 0.01565016 0.0002241214 0.006207572 0.00125331 0 1.769379e-05 0.0007814758 0.005691503 0.002946016 0.0001857848 5.603034e-05 0.0001032138 0.0001297545 0.0001769379 0.0004158041 0.07746932 0.01287813 0.0001297545 0.001952215 3.538758e-05 0.002438794 0.0005809461 1.769379e-05 0.00986134 2.948965e-06 0.01118837 0.05695337 0.05421673 0.00515774 0.0001386014 5.89793e-05 0.002530212 3.538758e-05 0 4.718344e-05 1.179586e-05 0 0 0 1.179586e-05 0 5.89793e-06 0 0.00145384 0 0.002264805 0 0 5.89793e-06 3.243862e-05 0.0003833655 0.0002831007 0 0 5.89793e-06 8.846896e-06 2.064276e-05 0.0006664661 0.007192526 0.008864589 2.654069e-05 2.948965e-06 2.948965e-06 0.0009584137 0 0 6.487723e-05 0 0.0005573544 0.0001386014 0.0001828358 5.89793e-05 0 0 1.474483e-05 0
0.00259214 0.006278347 0.006021787 0.0001002648 1.474483e-05 0.0003833655 0.001427299 0.004334979 0.001433197 0.0009407199 0.01399284 0.0004452937 0.004337928 0.01301083 2.359172e-05 0.0008964854 0.02785298 0.002946016 0.02701842 0.0004541406 0.001725145 0.003432596 0.00558534 0.005019139 0.001023291 0.1192355 0.2247642 0.002639324 0.01517243 0.002235316 0.0008375061 0.0008758427 0.001916827 0.08050675 2.948965e-05 0.05479177 0.07575302 0.15301 0.0114007 0.0005131199 0.0001474483 0.001321136 0.0002831007 0 0.001571798 0.0005131199 0 0 0 7.66731e-05 0 2.948965e-05 0 0.0006723641 5.89793e-06 0.0006664661 1.769379e-05 0 3.243862e-05 0.001415503 0.0003155393 0.000592742 0 1.179586e-05 3.243862e-05 5.603034e-05 0.0001150096 0.0006104358 0.006363867 0.008383908 0.0001327034 8.846896e-06 1.474483e-05 0.0002300193 0 0 5.89793e-05 0 0.001754634 0.0002889986 0.0002005296 6.487723e-05 2.948965e-06 0 5.89793e-06 0
0.0001798869 0 4.423448e-05 0.05597431 0.000336182 0.02120011 0.001468585 0.03684142 0.01073423 0.05876403 0.001512819 0.06902053 0.0002064276 0.04839547 0.008731886 5.89793e-06 1.769379e-05 0.0001857848 0.0004541406 0.01497485 2.948965e-06 0 8.846896e-06 0.00874958 2.948965e-06 0.0003184882 4.128551e-05 0.03743711 0.01778521 2.948965e-05 1.179586e-05 0.001409605 3.243862e-05 0.00507222 2.654069e-05 0.00698315 0.0003538758 0.02389547 0.002241214 0.01373333 0.001173688 2.654069e-05 0.0001150096 5.603034e-05 0 0 0.007714493 2.948965e-06 0.0005308137 0.002002347 0.0004040082 0.005538157 0.004877588 1.769379e-05 0.001135352 2.948965e-06 0.0006251806 6.192827e-05 2.948965e-06 0 5.89793e-06 0 0.002138 0 2.948965e-06 2.948965e-06 0.01340305 2.948965e-06 8.846896e-06 8.846896e-06 0.01360358 0.000507222 5.89793e-06 0 5.603034e-05 1.769379e-05 0.0002152745 0 0.0006930068 8.846896e-06 0.001038036 2.064276e-05 0.001126505 0.0001533462 0 1.179586e-05
0.003945715 5.89793e-06 0.0151046 5.89793e-06 0 7.962206e-05 0.01268645 0.001751685 0.001925674 5.89793e-06 0.0001887338 0 0.0001150096 0.007015588 2.948965e-06 0.01199049 0.005688554 5.603034e-05 0.001725145 2.948965e-06 0.166534 0.01016508 0.1652689 0.002300193 0 0.0002772027 0.01186074 0.03025049 0.006779671 0.2116413 5.89793e-06 8.846896e-06 0.0009259751 0.1231163 0.001996449 0.2921039 0.05360629 0.1943191 0.05589469 0.003246811 9.436689e-05 4.423448e-05 0.001164841 0.0001828358 1.474483e-05 4.718344e-05 2.948965e-06 0 0 0.0001444993 8.846896e-06 0.0004600386 8.846896e-06 0 0 0 0.0001415503 2.948965e-06 0.01722196 2.064276e-05 8.846896e-06 5.89793e-06 0 0.003845451 0.00527275 0.003285147 0.003827757 5.89793e-06 8.846896e-06 0.0003273351 0.008271847 0.0004954262 0.001085219 0 2.948965e-06 0.0001179586 0.0002182234 8.846896e-06 0.001574747 0.000675313 0.0007696799 0.0002093765 1.474483e-05 1.769379e-05 0 2.948965e-05
0 0.06705357 0.002774976 0 3.538758e-05 2.948965e-06 8.551999e-05 5.89793e-06 0.03612187 2.948965e-06 0.0003568248 0 0.006770824 1.474483e-05 0.0003656717 0.0827804 0.01088758 0.0001032138 0.003432596 0 0.01016508 0.008404551 0.02505736 0.1163455 0.02125614 0.007929767 0.1288639 0.00624001 4.128551e-05 0.0009820054 0.000595691 2.948965e-06 3.833655e-05 0.002058378 3.833655e-05 0.005833053 0.001421401 0.002919476 0.000336182 0.0001533462 0 0.0002860496 1.179586e-05 5.89793e-05 0.0002152745 0.001618982 0 0 2.948965e-06 0.0003243862 1.179586e-05 7.077516e-05 0 2.948965e-05 0 5.89793e-05 4.423448e-05 0 0.01993795 7.962206e-05 1.474483e-05 2.948965e-05 0 0.001792971 0.001654369 0.00738126 0.001633727 5.308137e-05 0.0001444993 0.01247117 0.003099362 0.0001415503 0.0002388662 5.89793e-06 0 1.769379e-05 8.846896e-05 0 0.0008198123 0.0004010593 0.0003656717 0.0001209076 1.179586e-05 2.948965e-06 1.474483e-05 0
0.02469758 0.0002329683 0.2893348 1.474483e-05 0 0.0006605682 0.05775843 0.01448827 0.00114125 6.192827e-05 0.0005042731 2.948965e-06 0.0002919476 0.06322581 0 0.03680898 0.02010899 0.0001297545 0.00558534 8.846896e-06 0.1652689 0.02505736 0.09901151 0.01954869 0 0.009327577 0.5262664 0.07676746 0.02995559 0.1149507 2.948965e-05 2.948965e-05 0.002851649 0.1566726 0.002701252 0.3931767 0.1293534 0.2625021 0.05990233 0.005538157 0.0001503972 7.372413e-05 0.001916827 7.962206e-05 0.0008846896 0.004971955 0 0 0 0.0009790564 1.179586e-05 0.0002948965 8.846896e-06 1.179586e-05 0 3.243862e-05 9.436689e-05 2.948965e-06 0.04585346 0.0002064276 2.948965e-06 3.538758e-05 2.948965e-06 0.002586242 0.01644638 0.02513108 0.002400458 1.179586e-05 9.141792e-05 0.02812723 0.004656416 0.0002211724 0.0003774675 0 0 4.718344e-05 0.000253611 2.654069e-05 0.0034208 0.0008699447 0.0009200771 0.0005367117 3.833655e-05 5.89793e-06 2.948965e-06 1.769379e-05
0.008784967 0.03428172 0.01476842 0.03248285 0.00145384 0.006912374 0.05736327 0.01486278 0.2323136 0.008817406 0.0005986399 0.002839853 0.002167489 0.03789125 0.02588897 0.04946299 0.01284864 0.0001769379 0.005019139 0.00874958 0.002300193 0.1163455 0.01954869 0.1282151 0.007207271 0.007222016 0.1249388 0.1046942 0.07874032 0.07392466 0.0002772027 0.0006458234 0.008814457 0.03524013 0.0006163337 0.09692954 0.01096425 0.07689132 0.02457078 0.01212614 0.003922124 7.077516e-05 0.000421702 0.002618681 5.308137e-05 0.0002683558 0.01559413 1.179586e-05 0.001477432 0.02085803 0.002456488 0.05517219 0.009843646 0.0002477131 0.001465636 5.013241e-05 0.007920921 0.0001415503 0.008212868 0.00017104 6.192827e-05 5.308137e-05 0.003777624 0.003037434 0.003055128 0.001173688 0.1284982 2.359172e-05 0.000253611 0.000766731 0.1222346 0.01173983 0.004880537 1.474483e-05 0.0005308137 0.001179586 0.004022389 6.192827e-05 0.01672653 0.002067225 0.02063391 0.001061627 0.003058077 0.002580345 1.179586e-05 0.0002211724
0 0.04091984 8.846896e-06 0 2.948965e-06 0 2.948965e-06 5.89793e-06 0.009787616 0 0.004205224 0 0.03588596 2.948965e-06 9.141792e-05 1.769379e-05 4.718344e-05 0.0004158041 0.001023291 2.948965e-06 0 0.02125614 0 0.007207271 0.003479779 0.006779671 0.05804448 1.474483e-05 2.064276e-05 2.948965e-05 0.003311688 2.948965e-06 0 0.0001091117 0 0.0001120607 0.0009584137 0.002014143 7.66731e-05 2.064276e-05 6.192827e-05 0.00453256 0 2.948965e-06 0.0002123255 8.846896e-06 0 0 0 2.948965e-06 0 3.833655e-05 0 0.001268055 0 0.007396005 0 0 0 3.243862e-05 0.0001946317 0.000168091 0 0 3.833655e-05 8.846896e-06 8.551999e-05 0.002146847 0.004603335 0.01126505 1.474483e-05 0 0 0.0009731585 0 0 4.423448e-05 0 5.013241e-05 0.0002772027 0.0002270703 5.013241e-05 0 0 0.0002948965 0
0.0008080165 0.008481224 0.06442014 6.78262e-05 2.654069e-05 0.0006694151 0.004485376 0.005370066 0.002798568 0.0007903227 0.04477414 0.000421702 0.03485677 0.009805309 3.833655e-05 0.001601288 0.03453828 0.07746932 0.1192355 0.0003184882 0.0002772027 0.007929767 0.009327577 0.007222016 0.006779671 0.3069401 0.5050929 0.0032763 0.005924471 0.0003686207 0.00652606 0.001014444 0.0001444993 0.02401342 8.551999e-05 0.08868423 0.2101963 0.158212 0.01596865 0.0006989048 0.0002152745 0.009200771 0.0003243862 2.359172e-05 0.01474778 0.00832198 2.948965e-06 0 2.948965e-06 0.0006517213 3.833655e-05 7.372413e-05 8.846896e-06 0.007484474 2.948965e-06 0.01726619 0.0001002648 0 5.603034e-05 0.0166587 0.002120306 0.005818308 0 3.833655e-05 0.0001503972 0.0002889986 0.0002388662 0.007811809 0.05437597 0.07146522 0.0003007945 2.064276e-05 0.0001444993 0.00473014 2.948965e-06 5.89793e-06 0.0006546703 1.179586e-05 0.002297244 0.002282499 0.001418452 0.0004069572 1.769379e-05 2.948965e-06 0.0001621931 2.948965e-06
0.0005042731 0.05919753 0.2060413 8.846896e-06 3.243862e-05 6.487723e-05 0.002238265 0.0009996992 0.04243561 7.077516e-05 0.01084924 6.487723e-05 0.05876698 0.002494825 0.0005662013 0.07074568 0.5976255 0.01287813 0.2247642 4.128551e-05 0.01186074 0.1288639 0.5262664 0.1249388 0.05804448 0.5050929 0.3556157 0.03106735 0.001220872 0.001530513 0.004910027 9.731585e-05 0.0002152745 0.08303106 0.001757583 0.3373085 0.1145408 0.1852451 0.02191081 0.003397208 0.0001179586 0.002067225 0.001471534 2.359172e-05 0.01185779 0.009752228 0 0 0 0.001064576 2.359172e-05 0.0001474483 5.89793e-06 0.006847497 0 0.01554989 7.077516e-05 0 0.0185195 0.008395704 0.002462386 0.003650819 0 0.0003243862 0.00960478 0.01498369 0.0006871089 0.01411965 0.04810057 0.1308308 0.001651421 6.192827e-05 0.0001887338 0.004169837 0 2.948965e-05 0.0008964854 3.833655e-05 0.002795619 0.002562651 0.002241214 0.0005838951 4.128551e-05 5.89793e-06 0.0003066924 8.846896e-06
0.02130038 0.0002595089 0.03960755 0.07520156 0.0002123255 0.1000142 0.4742762 0.0857736 0.03958986 0.1040808 0.0009112302 0.008274796 0.0002300193 0.1202706 0.003975205 0.01903262 0.01271889 0.0001297545 0.002639324 0.03743711 0.03025049 0.00624001 0.07676746 0.1046942 1.474483e-05 0.0032763 0.03106735 0.3778951 0.1414294 0.3930056 2.064276e-05 0.001097015 0.01331163 0.05270391 0.0007195475 0.1011082 0.009705044 0.1111141 0.03260671 0.007587687 0.005605983 3.833655e-05 0.0005396606 0.001085219 1.474483e-05 0.0001415503 0.009398352 5.89793e-06 0.0008640468 0.009200771 0.001070474 0.01869054 0.005759329 8.257103e-05 0.0007932716 1.179586e-05 0.00322027 7.962206e-05 0.00658209 4.718344e-05 2.654069e-05 1.474483e-05 0.002232367 0.002412254 0.00207902 0.0006989048 0.05653166 2.948965e-06 5.013241e-05 0.0002978455 0.05887019 0.004859895 0.002698303 2.948965e-06 0.0002123255 0.000507222 0.001692706 4.718344e-05 0.006567346 0.001176637 0.008251205 0.0004511917 0.001318187 0.001070474 0 9.436689e-05
0.05262134 3.243862e-05 0.02302847 0.01229424 0.0004659365 0.004267153 0.09894663 0.00664107 0.01218218 0.04518994 0.01769969 0.009100507 0.003090516 0.03065154 0.0006458234 0.0001179586 0.04751373 0.001952215 0.01517243 0.01778521 0.006779671 4.128551e-05 0.02995559 0.07874032 2.064276e-05 0.005924471 0.001220872 0.1414294 0.1332932 0.1364752 0.0001032138 0.00946028 0.01661447 0.04967827 9.141792e-05 0.02606295 0.001813614 0.06296631 0.01344433 0.004659365 0.009920319 0.0004511917 0.0003597738 0.0003184882 0 1.474483e-05 0.0003627227 0 7.962206e-05 0.002105561 0.0002359172 0.003553503 0.0002742538 3.833655e-05 3.243862e-05 2.064276e-05 0.0008964854 1.769379e-05 0.0001386014 2.064276e-05 5.89793e-06 5.89793e-06 6.78262e-05 5.013241e-05 4.128551e-05 4.128551e-05 0.01272478 0 2.064276e-05 6.487723e-05 0.01132992 0.001315238 0.0002889986 2.948965e-06 4.423448e-05 0.0001061627 0.0004482427 5.89793e-06 0.001928623 9.731585e-05 0.002654069 0.0001444993 0.0002772027 0.0003715696 1.179586e-05 5.013241e-05
0.07536375 9.436689e-05 0.009206669 7.962206e-05 8.846896e-06 0.0008139144 0.1960796 0.01364781 0.01748441 0.0002034786 0.0001179586 5.89793e-06 7.66731e-05 0.06549652 0.0002477131 0.004081368 0.02479195 3.538758e-05 0.002235316 2.948965e-05 0.2116413 0.0009820054 0.1149507 0.07392466 2.948965e-05 0.0003686207 0.001530513 0.3930056 0.1364752 0.1394713 1.474483e-05 5.308137e-05 0.02516942 0.1361803 0.0008610978 0.1014267 0.01552925 0.1119014 0.0304982 0.001144199 0.0004836303 3.833655e-05 0.0003627227 0.0006340275 1.474483e-05 9.436689e-05 4.423448e-05 2.948965e-06 2.359172e-05 0.001701553 8.551999e-05 0.004093164 7.077516e-05 1.179586e-05 0 2.948965e-06 0.0008787916 5.89793e-06 0.004102011 7.077516e-05 5.89793e-06 2.064276e-05 5.89793e-06 0.001736941 0.001094066 0.0004777324 0.01365666 0 2.948965e-05 0.0001533462 0.01726324 0.002149796 0.001925674 2.948965e-06 2.064276e-05 0.0003096413 0.0006163337 2.064276e-05 0.003780573 0.000846353 0.003438493 0.0002064276 0.0001739889 0.000339131 0 5.308137e-05
2.948965e-06 0.001745787 0.00034208 0 0 8.846896e-06 3.243862e-05 3.833655e-05 0.0004040082 2.359172e-05 0.004320234 5.89793e-06 0.02524019 0.0001120607 1.179586e-05 8.846896e-06 4.423448e-05 0.002438794 0.0008375061 1.179586e-05 5.89793e-06 0.000595691 2.948965e-05 0.0002772027 0.003311688 0.00652606 0.004910027 2.064276e-05 0.0001032138 1.474483e-05 0.000250662 4.718344e-05 2.948965e-06 0.0005219668 0 0.000589793 0.01391322 0.005732788 0.0005160689 2.948965e-06 1.179586e-05 0.001577696 0 0 0.0001150096 1.769379e-05 0 0 0 0 0 2.064276e-05 0 0.001728094 0 0.007540504 0 0 5.89793e-06 4.718344e-05 0.0002005296 0.0001268055 0 0 1.769379e-05 2.948965e-06 4.423448e-05 0.002199928 0.003942766 0.006316683 8.846896e-06 0 2.948965e-06 0.001309341 0 0 3.538758e-05 0 4.718344e-05 0.0002270703 0.0001120607 3.243862e-05 0 0 0.0001503972 0
3.833655e-05 0 0.0001769379 0.0003037434 5.89793e-06 0.001580645 0.0006251806 0.0007372413 0.0001209076 0.002329683 0.006576192 0.002553804 0.005541106 0.001601288 0.00034208 2.948965e-06 0.0001061627 0.0005809461 0.0008758427 0.001409605 8.846896e-06 2.948965e-06 2.948965e-05 0.0006458234 2.948965e-06 0.001014444 9.731585e-05 0.001097015 0.00946028 5.308137e-05 4.718344e-05 0.0001769379 2.948965e-06 0.01530218 8.846896e-06 0.002692405 0.0007814758 0.02315822 0.008083114 0.002919476 0.02751974 0.0003863144 0.0001268055 5.89793e-06 0 2.948965e-06 2.359172e-05 0 0 5.603034e-05 8.846896e-06 1.474483e-05 1.769379e-05 1.179586e-05 2.948965e-06 0 2.359172e-05 0 0 0 0 0 5.89793e-06 0 0 2.948965e-06 0.0001887338 2.948965e-06 0 1.474483e-05 0.0002093765 1.769379e-05 2.948965e-06 2.948965e-06 0 5.89793e-06 8.846896e-06 0 4.423448e-05 2.948965e-06 5.013241e-05 0 2.948965e-06 2.948965e-06 8.846896e-06 0
0.0003214372 1.474483e-05 0.0008227613 0.0001415503 8.846896e-06 5.89793e-05 0.004736038 0.0002005296 0.001315238 0.0001268055 3.243862e-05 0 5.89793e-06 0.0002654069 2.654069e-05 8.551999e-05 0.005853696 1.769379e-05 0.001916827 3.243862e-05 0.0009259751 3.833655e-05 0.002851649 0.008814457 0 0.0001444993 0.0002152745 0.01331163 0.01661447 0.02516942 2.948965e-06 2.948965e-06 0.003031536 0.01062512 0 0.0001769379 4.423448e-05 0.002884088 0.0002713048 8.846896e-06 1.474483e-05 2.948965e-06 2.948965e-06 2.948965e-05 2.948965e-06 2.948965e-06 8.846896e-06 0 2.948965e-06 0.0001356524 1.474483e-05 0.0003774675 8.846896e-06 0 2.948965e-06 0 8.257103e-05 0 4.423448e-05 0 0 0 2.948965e-06 2.948965e-05 1.179586e-05 1.769379e-05 0.001176637 0 0 5.89793e-06 0.001170739 0.0001444993 0.0001032138 0 2.948965e-06 1.769379e-05 3.538758e-05 5.89793e-06 0.0002005296 1.474483e-05 0.0002064276 5.89793e-06 1.474483e-05 3.243862e-05 0 5.89793e-06
0.004623977 0.0002388662 0.02779695 0.002338529 0.0003007945 0.003004996 0.01534641 0.004647569 0.004261255 0.01141839 0.06957494 0.004116755 0.005154791 0.02945721 0.0001621931 0.01904737 0.04555561 0.00986134 0.08050675 0.00507222 0.1231163 0.002058378 0.1566726 0.03524013 0.0001091117 0.02401342 0.08303106 0.05270391 0.04967827 0.1361803 0.0005219668 0.01530218 0.01062512 0.02235021 0.0001209076 0.01211435 0.01741954 0.06485364 0.01635201 0.001616033 0.0004158041 0.001043934 9.731585e-05 0.0001444993 0.0001533462 0.0005160689 0.0001386014 0 2.654069e-05 0.0006900579 5.603034e-05 0.001501023 0.0001415503 5.013241e-05 2.064276e-05 4.423448e-05 0.0002948965 2.948965e-06 0.000934822 0.0001238565 8.846896e-06 1.769379e-05 2.359172e-05 0.000168091 0.0004865793 0.0009554647 0.005134148 1.769379e-05 0.0001002648 0.003966358 0.005390708 0.0007077516 0.0004482427 2.064276e-05 8.846896e-06 9.436689e-05 0.0002123255 1.179586e-05 0.001043934 0.0001798869 0.0009879033 0.0001002648 7.372413e-05 9.436689e-05 2.654069e-05 8.846896e-06
2.948965e-06 5.89793e-06 0.0004895282 3.538758e-05 0 8.846896e-06 0.0001503972 1.179586e-05 7.962206e-05 3.243862e-05 8.846896e-06 2.948965e-06 8.551999e-05 8.846896e-05 8.846896e-06 0.000934822 0.0001238565 2.948965e-06 2.948965e-05 2.654069e-05 0.001996449 3.833655e-05 0.002701252 0.0006163337 0 8.551999e-05 0.001757583 0.0007195475 9.141792e-05 0.0008610978 0 8.846896e-06 0 0.0001209076 0.379231 0.1584479 0.001557054 0.01231488 0.007393056 0.0001946317 0.0001356524 0.0003125903 0.001262157 2.948965e-06 1.474483e-05 5.89793e-05 5.89793e-06 0 0 2.359172e-05 0 2.359172e-05 0 4.423448e-05 0 0 1.179586e-05 0 2.948965e-05 2.948965e-06 0 0 0 1.769379e-05 5.89793e-06 9.141792e-05 7.962206e-05 0 1.179586e-05 0.0001828358 6.78262e-05 1.179586e-05 1.769379e-05 0 0 0 2.948965e-06 0.5319225 0.002866394 0.0001150096 0.0004069572 0.0005396606 0 1.179586e-05 8.846896e-06 8.846896e-05
0.0004511917 0.0009053323 0.1603795 0.004379213 4.718344e-05 0.002727793 0.02194915 0.005803564 0.0114007 0.01622226 0.010401 0.003117056 0.005228515 0.02760231 0.00025656 0.1287459 0.02876421 0.01118837 0.05479177 0.00698315 0.2921039 0.005833053 0.3931767 0.09692954 0.0001120607 0.08868423 0.3373085 0.1011082 0.02606295 0.1014267 0.000589793 0.002692405 0.0001769379 0.01211435 0.1584479 0.04064854 0.2654894 0.2380995 0.05489204 0.08241178 0.02142718 0.002258907 0.006337326 0.0004393958 0.0005485075 0.002093765 0.0003273351 0 4.423448e-05 0.002031837 0.0001503972 0.004305489 0.0002447641 4.128551e-05 2.359172e-05 5.013241e-05 0.0008286592 1.179586e-05 0.003161291 0.0003981103 1.474483e-05 6.192827e-05 4.718344e-05 0.0004718344 0.002126204 0.003117056 0.01584479 2.948965e-05 0.0002624579 0.01315533 0.01703027 0.001902083 0.001669114 1.179586e-05 3.243862e-05 0.0003184882 0.0006222317 0.001757583 0.004140347 0.001061627 0.003022689 0.0002270703 0.0002624579 0.0002624579 2.948965e-06 3.833655e-05
4.128551e-05 0.001300494 0.05671155 0.0001150096 1.179586e-05 0.0002624579 0.0009525158 0.0003656717 0.0009407199 0.0006222317 0.07485653 0.0002831007 0.07403967 0.001695655 8.846896e-06 0.03484202 0.01056909 0.05695337 0.07575302 0.0003538758 0.05360629 0.001421401 0.1293534 0.01096425 0.0009584137 0.2101963 0.1145408 0.009705044 0.001813614 0.01552925 0.01391322 0.0007814758 4.423448e-05 0.01741954 0.001557054 0.2654894 0.03531681 0.1161833 0.0233676 0.003886736 0.002881139 0.005490973 0.001335881 2.654069e-05 0.0002359172 0.0004423448 2.948965e-06 0 0 7.962206e-05 0 0.0002742538 2.948965e-06 0.0003833655 2.948965e-06 0.002928322 4.423448e-05 0 0.0004865793 0.0002359172 4.128551e-05 5.308137e-05 0 7.077516e-05 0.0003774675 0.0005514565 0.0009702096 0.0004718344 0.0004777324 0.003267453 0.001144199 9.141792e-05 0.0001592441 8.846896e-05 2.948965e-06 3.243862e-05 6.192827e-05 2.654069e-05 0.01089053 0.000846353 0.0002654069 3.243862e-05 1.769379e-05 8.846896e-06 0.0008522509 8.846896e-06
0.0008198123 0.002055429 0.07871968 0.01151276 0.0007283944 0.01301378 0.04110563 0.01323201 0.009687351 0.05348538 0.1339096 0.01718952 0.03632535 0.06236177 0.0006074868 0.03728672 0.08814752 0.05421673 0.15301 0.02389547 0.1943191 0.002919476 0.2625021 0.07689132 0.002014143 0.158212 0.1852451 0.1111141 0.06296631 0.1119014 0.005732788 0.02315822 0.002884088 0.06485364 0.01231488 0.2380995 0.1161833 0.06038596 0.02802107 0.01100554 0.002161591 0.01006187 0.003409004 0.000253611 0.0002241214 0.001011495 0.000681211 0 9.731585e-05 0.002512518 0.0002034786 0.003845451 0.0004364469 0.0007903227 7.077516e-05 0.00017104 0.001123556 8.846896e-06 0.001854899 0.0001621931 2.948965e-05 4.423448e-05 0.0001503972 0.0002211724 0.0009996992 0.001527564 0.01574747 9.731585e-05 0.0003951613 0.00695366 0.01551451 0.001775277 0.000843404 2.948965e-05 6.78262e-05 0.0001887338 0.0004865793 0.0001651421 0.008212868 0.0005514565 0.003131801 0.000421702 0.0003450289 0.0003951613 0.0003332331 8.257103e-05
9.141792e-05 0.0001562952 0.008319031 0.002002347 0.0002860496 0.002654069 0.01063397 0.002657018 0.003417851 0.005075169 0.01207011 0.00105573 0.002671762 0.01066936 0.0001209076 0.01429363 0.01254195 0.00515774 0.0114007 0.002241214 0.05589469 0.000336182 0.05990233 0.02457078 7.66731e-05 0.01596865 0.02191081 0.03260671 0.01344433 0.0304982 0.0005160689 0.008083114 0.0002713048 0.01635201 0.007393056 0.05489204 0.0233676 0.02802107 0.001291647 0.001745787 0.000678262 0.0006340275 0.0002152745 0.0001120607 1.769379e-05 0.0001444993 8.257103e-05 0 2.948965e-06 0.000681211 5.308137e-05 0.001179586 8.846896e-05 0.0002034786 5.89793e-06 8.846896e-06 0.0002978455 0 0.0004040082 1.474483e-05 0 5.89793e-06 8.846896e-06 8.846896e-05 0.0001356524 0.0001828358 0.004553202 8.846896e-06 6.487723e-05 0.0006694151 0.004562049 0.0005190179 0.0002978455 0 3.538758e-05 8.257103e-05 0.0001798869 7.077516e-05 0.0029932 0.0001297545 0.0009112302 0.0001297545 5.013241e-05 0.0001238565 0.0001268055 3.243862e-05
5.308137e-05 3.538758e-05 0.001273953 0.003756982 0.01144199 0.01873772 0.002418151 0.01923315 0.00361838 0.008383908 0.001212025 0.02454424 0.0003125903 0.01887928 0.01842808 0.001188433 0.0002182234 0.0001386014 0.0005131199 0.01373333 0.003246811 0.0001533462 0.005538157 0.01212614 2.064276e-05 0.0006989048 0.003397208 0.007587687 0.004659365 0.001144199 2.948965e-06 0.002919476 8.846896e-06 0.001616033 0.0001946317 0.08241178 0.003886736 0.01100554 0.001745787 0.006514264 0.001085219 5.308137e-05 0.000253611 4.718344e-05 5.89793e-06 3.833655e-05 0.00179592 0 0.0001739889 0.0006989048 0.0001209076 0.0006487723 0.001327034 1.769379e-05 0.0003007945 2.948965e-06 0.0002595089 2.359172e-05 7.077516e-05 2.948965e-06 0 0 0.0006192827 1.769379e-05 3.833655e-05 3.833655e-05 0.003815961 0 2.948965e-06 0.0001739889 0.004385111 0.0002772027 0.0001091117 0 3.833655e-05 2.654069e-05 8.551999e-05 2.948965e-06 0.0008345572 1.474483e-05 0.0005573544 3.833655e-05 0.0009023834 0.0001091117 0 2.948965e-06
2.654069e-05 1.179586e-05 0.0003450289 0.001032138 0.0005396606 0.01547912 0.002217622 0.009360016 0.0004718344 0.003170138 0.0007018537 0.0008050675 0.0003774675 0.01829243 0.0001120607 3.538758e-05 0.0001268055 5.89793e-05 0.0001474483 0.001173688 9.436689e-05 0 0.0001503972 0.003922124 6.192827e-05 0.0002152745 0.0001179586 0.005605983 0.009920319 0.0004836303 1.179586e-05 0.02751974 1.474483e-05 0.0004158041 0.0001356524 0.02142718 0.002881139 0.002161591 0.000678262 0.001085219 2.359172e-05 0.001801818 0.0002034786 1.474483e-05 0 2.948965e-06 2.359172e-05 0 2.948965e-06 0.0001857848 2.654069e-05 0.0002152745 3.538758e-05 0.0002241214 5.89793e-06 0 0.0001032138 0 2.948965e-06 2.948965e-06 0 0 1.179586e-05 5.89793e-06 0 2.948965e-06 0.001035087 0 2.948965e-06 0 0.0008905875 8.846896e-05 5.013241e-05 0 1.179586e-05 0 2.654069e-05 0 0.0003332331 7.372413e-05 0.0003155393 0.0001032138 1.179586e-05 3.538758e-05 0.0001356524 2.948965e-05
0 0.005113506 0.0001327034 5.89793e-06 2.064276e-05 0.0001327034 8.846896e-06 0.0001091117 0.0001120607 5.308137e-05 0.01593326 1.769379e-05 0.01545258 0.000424651 2.948965e-06 5.89793e-06 0.0001268055 0.002530212 0.001321136 2.654069e-05 4.423448e-05 0.0002860496 7.372413e-05 7.077516e-05 0.00453256 0.009200771 0.002067225 3.833655e-05 0.0004511917 3.833655e-05 0.001577696 0.0003863144 2.948965e-06 0.001043934 0.0003125903 0.002258907 0.005490973 0.01006187 0.0006340275 5.308137e-05 0.001801818 0.0004128551 1.474483e-05 0 1.474483e-05 0 0 0 0 2.948965e-06 8.846896e-06 2.948965e-06 0 0.0001651421 0 0.0003951613 2.948965e-06 0 0 0 5.89793e-06 0 0 0 2.948965e-06 0 1.179586e-05 0.0001002648 5.308137e-05 9.731585e-05 1.179586e-05 2.948965e-06 2.948965e-06 2.064276e-05 5.89793e-06 0 0 1.179586e-05 0.0005809461 0.0001828358 0.00017104 7.372413e-05 0 2.948965e-06 0.0004040082 5.89793e-06
