0.01123864 7.030742e-06 0.01525671 0.0001160072 1.757685e-05 0.001100311 0.08128241 0.01806901 0.001290141 0.001680347 0.0004499675 1.757685e-05 6.327668e-05 0.09886278 4.218445e-05 3.163834e-05 0.04824847 0.000123038 0.00682685 5.273056e-05 0.005536709 2.46076e-05 0.009340341 0.01695463 3.515371e-06 0.009684847 0.001022973 0.04606191 0.1087902 0.03511856 3.515371e-05 0.00179987 0.00284745 0.02618248 3.515371e-06 0.001290141 0.00018983 0.01981966 0.0009104811 7.382279e-05 4.569982e-05 1.406148e-05 0 6.679205e-05 0 1.757685e-05 3.515371e-06 0 7.030742e-06 0.000284745 3.515371e-05 0.0003480217 1.406148e-05 3.515371e-06 0 0 0.0001089765 0 3.515371e-06 7.030742e-06 0 1.406148e-05 3.515371e-06 7.030742e-06 1.054611e-05 3.515371e-06 0.001451848 0 8.43689e-05 7.382279e-05 0.001360449 0.0002566221 3.515371e-05 0 0 3.163834e-05 7.382279e-05 0 0.000151161 1.757685e-05 0.0001335841 7.030742e-06 7.030742e-06 0 0 0
7.030742e-06 0.002190076 0.004942612 0 3.515371e-06 7.030742e-06 0.0001546763 3.866908e-05 0.03065755 0 0.001089765 3.515371e-06 0.005853093 4.218445e-05 0.0002109223 0.0001792839 0.004418821 2.46076e-05 0.002538098 0 4.921519e-05 0.09572004 0.0004780905 0.05513508 0.01389978 0.05975076 0.08004851 0.000966727 2.109223e-05 4.921519e-05 0.0002601375 7.030742e-06 0 0.001982669 1.406148e-05 0.003796601 0.001761201 0.005603501 0.0004499675 0.0002038915 0 0.001058127 3.866908e-05 2.109223e-05 0.0001265534 0.003817693 0 0 0 0.0001722532 1.757685e-05 0 7.030742e-06 2.812297e-05 0 0.0004112984 4.569982e-05 0 2.109223e-05 0.001075704 7.733816e-05 0.000843689 0 5.273056e-05 3.515371e-05 0.0003726293 8.085353e-05 0.0001617071 0.009389556 0.01106639 7.733816e-05 2.46076e-05 5.273056e-05 7.030742e-05 0 0 0.000625736 3.515371e-06 0.0005694901 0.000653859 0.0005940977 5.976131e-05 1.054611e-05 0 8.788427e-05 3.515371e-06
0.01525671 0.004942612 0.01039495 4.569982e-05 1.054611e-05 0.0006116745 0.0665073 0.02841826 0.0001089765 0.0007522894 0.0001863147 1.406148e-05 3.515371e-05 0.03984321 0 0.001381541 0.07764048 5.976131e-05 0.004510221 1.406148e-05 0.01486299 0.0006116745 0.09235934 0.007311972 1.406148e-05 0.04344999 0.4395268 0.0211098 0.006218691 0.02879089 2.812297e-05 0.0008788427 0.0001476456 0.004932065 1.406148e-05 0.004580528 0.002562705 0.008074807 0.0009772731 8.788427e-05 3.866908e-05 7.030742e-06 2.109223e-05 0.0001089765 0.00725221 0.08184487 7.030742e-06 0 1.406148e-05 0.002907212 0.0001617071 0.0001160072 7.382279e-05 6.679205e-05 1.406148e-05 8.43689e-05 0.0007347125 0 0.0002741989 0.008728666 2.46076e-05 0.0007347125 0 0.0009104811 0.000151161 0.005048073 0.0005659747 3.866908e-05 0.0248607 0.05771185 0.001047581 9.139964e-05 0.0005237903 1.406148e-05 1.054611e-05 1.406148e-05 0.0039337 7.030742e-06 0.006847943 0.004689505 0.005280087 0.001160072 0.0001652224 0 1.054611e-05 2.46076e-05
0.0001160072 0 4.569982e-05 0.01034222 0.0001863147 0.008616174 0.002151407 0.002130315 0.01620586 0.01838891 2.109223e-05 0.03221837 3.515371e-06 0.001195226 0.002569736 0 1.054611e-05 0 3.515371e-06 0.03972369 7.030742e-06 7.030742e-06 3.515371e-06 0.02590828 0 8.43689e-05 4.569982e-05 0.01974584 0.001367479 5.273056e-05 0 0.0002320145 7.030742e-06 0.0008085353 2.46076e-05 0.001339356 3.866908e-05 0.004998858 0.001195226 0.005926915 0.0002144376 3.515371e-06 2.109223e-05 2.812297e-05 0 7.030742e-06 0.0004464521 0 7.382279e-05 0.0005237903 4.569982e-05 0.0002003761 0.0005483979 3.515371e-06 0.0001581917 0 7.030742e-05 0 0 3.515371e-06 0 0 0.0001054611 0 0 1.054611e-05 0.001153042 0 7.030742e-06 3.515371e-06 0.001188195 6.327668e-05 7.030742e-06 0 0 3.515371e-06 3.163834e-05 0 5.624594e-05 3.515371e-06 5.624594e-05 3.515371e-06 2.109223e-05 0 0 0
1.757685e-05 3.515371e-06 1.054611e-05 0.0001863147 3.515371e-06 0.0105883 0.0002390452 0.001694409 0.0018983 0.0003269295 0 0.002056492 7.030742e-06 4.218445e-05 0.008401737 0 1.757685e-05 0 7.030742e-06 0.0001792839 0 4.218445e-05 0 0.001479971 1.054611e-05 7.030742e-06 3.866908e-05 0.0004816058 1.406148e-05 7.030742e-06 0 0.0004921519 0 3.515371e-05 0 0.0002952912 7.030742e-06 0.0004886366 2.109223e-05 0.01096796 0.0001441302 3.515371e-06 3.515371e-06 0 0 0 0 0 0 0 0 0 0 0 0 0 0 0 0 0 0 0 0 0 0 0 7.030742e-06 0 0 0 7.030742e-06 0 0 0 0 0 0 3.515371e-06 0 0 0 0 0 0 0 0
0.001100311 7.030742e-06 0.0006116745 0.008616174 0.0105883 0.08484348 0.05103967 0.05488549 0.009027473 0.212469 0.0007733816 0.05623539 0.0001300687 0.0131264 0.009639147 7.030742e-06 0.0002495913 3.163834e-05 6.327668e-05 0.01631835 0.0002144376 1.054611e-05 0.0004429367 0.006605382 0 0.001641678 0.0006608897 0.06402897 0.01077461 0.0005097288 5.624594e-05 0.03352961 0.00018983 0.006946373 7.030742e-05 0.002826358 0.0002741989 0.01948922 0.002123284 0.02268117 0.0007698662 1.054611e-05 2.812297e-05 4.218445e-05 3.515371e-06 3.515371e-06 4.569982e-05 0 2.46076e-05 0.00099485 0.0001089765 0.0004569982 8.788427e-05 3.515371e-06 4.921519e-05 0 7.030742e-05 0 2.109223e-05 0 0 0 1.406148e-05 0 1.406148e-05 1.054611e-05 0.002404514 3.515371e-06 1.054611e-05 4.569982e-05 0.001958062 9.139964e-05 1.757685e-05 0 0 1.054611e-05 7.030742e-05 0 8.085353e-05 3.515371e-06 8.43689e-05 0 2.46076e-05 7.030742e-06 0 0
0.08128241 0.0001546763 0.0665073 0.002151407 0.0002390452 0.05103967 0.05611587 0.1483451 0.05591549 0.05625648 0.0007136203 0.0001335841 0.0002495913 0.1637003 0.00227796 0.0009983654 0.02804211 7.382279e-05 0.002692774 0.0003445064 0.02326824 0.0005167595 0.04133373 0.03920693 1.406148e-05 0.08200306 0.02337722 0.2987397 0.1254987 0.08366583 6.327668e-05 0.004981281 0.009505563 0.04259223 0.0002320145 0.05812314 0.001680347 0.1177474 0.02611569 0.003719262 0.001873693 8.085353e-05 0.0002601375 0.001669801 0.0001124919 0.0002988065 0.0004183291 0 0.0004218445 0.01648357 0.001237411 0.01419858 0.001251472 4.569982e-05 7.030742e-05 7.030742e-06 0.001877208 1.406148e-05 0.0003831754 0.0002038915 3.515371e-06 6.679205e-05 0.0002952912 4.569982e-05 0.0001687378 0.0002109223 0.05670996 7.030742e-06 0.0009421194 0.001026488 0.04817113 0.003223595 0.0004253599 3.515371e-06 2.46076e-05 0.0002003761 0.001089765 1.054611e-05 0.001736593 9.843039e-05 0.002165469 0.0001687378 0.0003374756 5.624594e-05 3.515371e-06 1.054611e-05
0.01806901 3.866908e-05 0.02841826 0.002130315 0.001694409 0.05488549 0.1483451 0.1583815 0.006714359 0.09984005 0.004179776 0.05148261 0.0007030742 0.08330375 0.001409664 4.569982e-05 0.03283708 0.000284745 0.005564832 0.01208936 0.002766597 1.757685e-05 0.006714359 0.01217373 1.406148e-05 0.02973652 0.004362575 0.03987485 0.04788638 0.01407203 0.0002812297 0.07011407 0.001149526 0.02424551 0.0001124919 0.01327756 0.001385056 0.05448473 0.003371241 0.009544232 0.0008893889 7.382279e-05 8.085353e-05 0.0001441302 1.054611e-05 0.0001546763 4.921519e-05 0 4.569982e-05 0.001624101 0.0001546763 0.001318264 0.0001335841 1.054611e-05 6.327668e-05 0 0.0001546763 0 3.163834e-05 7.030742e-05 0 3.515371e-05 5.624594e-05 0 1.757685e-05 2.812297e-05 0.005694901 0 0.0002671682 0.0001722532 0.004204384 0.0002706836 5.624594e-05 0 0 1.406148e-05 9.491502e-05 0 0.0002038915 2.46076e-05 0.0002284991 1.757685e-05 4.569982e-05 3.515371e-06 0 0
0.001290141 0.03065755 0.0001089765 0.01620586 0.0018983 0.009027473 0.05591549 0.006714359 0.004932065 0.01712337 0.0001300687 0.002330691 0.002074069 0.00279472 0.01103475 0.0006644051 0.0001265534 1.757685e-05 7.733816e-05 0.005266026 0.0003550525 0.06548785 0.0002706836 0.2130069 0.01277134 0.001399118 0.02345104 0.109205 0.004953158 0.0007171357 0.0001300687 0.0003269295 0.0003515371 0.001722532 1.406148e-05 0.003522402 0.0003972369 0.006056984 0.001233895 0.005234387 0.0001195226 4.218445e-05 1.757685e-05 0.0003972369 7.030742e-06 1.757685e-05 8.788427e-05 0 5.624594e-05 0.002056492 0.000217953 0.0003304449 0.0002741989 2.109223e-05 1.406148e-05 5.976131e-05 0.0004394214 0 0.0009421194 1.757685e-05 2.812297e-05 2.46076e-05 6.327668e-05 6.327668e-05 4.218445e-05 4.218445e-05 0.01751709 1.054611e-05 0.0002425606 0.000217953 0.01156206 0.001008911 0.0004218445 2.812297e-05 0 0.0001265534 0.0003198988 0 0.001012427 0.0001160072 0.0007558048 6.327668e-05 8.085353e-05 1.406148e-05 1.054611e-05 1.406148e-05
0.001680347 0 0.0007522894 0.01838891 0.0003269295 0.212469 0.05625648 0.09984005 0.01712337 0.2703461 0.0009807885 0.05600689 0.0002777143 0.03208128 0.001427241 2.812297e-05 0.0003198988 8.43689e-05 5.624594e-05 0.03885891 0.0002952912 2.812297e-05 0.000776897 0.009301672 0 0.001947516 0.001321779 0.127608 0.02734256 0.0008542351 8.788427e-05 0.007269787 0.0002495913 0.01762607 0.0001089765 0.007157295 0.0005378518 0.10692 0.01855764 0.006932312 0.003360695 5.273056e-05 0.0001160072 7.733816e-05 0 3.515371e-06 0.0001546763 0 3.515371e-05 0.00137451 0.0001335841 0.0006362821 0.0001617071 3.515371e-06 8.085353e-05 0 0.0001160072 3.515371e-06 2.812297e-05 0 0 3.515371e-06 3.866908e-05 7.030742e-06 1.406148e-05 7.030742e-06 0.003705201 0 1.757685e-05 4.569982e-05 0.002689259 0.0001757685 1.406148e-05 3.515371e-06 7.030742e-06 2.109223e-05 4.921519e-05 7.030742e-06 0.0001265534 7.030742e-06 0.0001335841 1.406148e-05 3.163834e-05 0 0 0
0.0004499675 0.001089765 0.0001863147 2.109223e-05 0 0.0007733816 0.0007136203 0.004179776 0.0001300687 0.0009807885 0.03857065 0.001430756 0.02916352 0.001574886 3.163834e-05 6.327668e-05 0.0001827993 0.006415552 0.001065157 0.000369114 0.0003831754 0.000340991 0.0002566221 0.000312868 0.006433129 0.05255128 0.01580159 0.0005730055 0.0004886366 9.491502e-05 0.01746436 0.0003902062 7.030742e-06 0.06831772 7.030742e-06 0.005832 0.07358023 0.0664616 0.009505563 0.0004780905 3.866908e-05 0.004671928 4.921519e-05 0 3.515371e-05 2.109223e-05 0 0 0 7.030742e-06 0 1.054611e-05 0 0.0001617071 0 0.002351783 0 0 7.030742e-06 2.46076e-05 0.0007311972 0.0002495913 0 0 0 3.515371e-06 2.812297e-05 0.0002495913 0.002654105 0.001427241 1.054611e-05 3.515371e-06 0 0.0008472044 0 0 4.569982e-05 0 8.085353e-05 0.001307718 3.515371e-05 0 0 0 0.000502698 0
1.757685e-05 3.515371e-06 1.406148e-05 0.03221837 0.002056492 0.05623539 0.0001335841 0.05148261 0.002330691 0.05600689 0.001430756 0.05229114 0.0003093526 0.01882481 0.01184328 0 2.46076e-05 0.0001019458 8.43689e-05 0.07081012 0 1.054611e-05 0 0.003385302 0 0.0005800362 0.0002074069 0.02507514 0.01999543 3.515371e-06 0.0001124919 0.01764716 0 0.01732726 8.788427e-05 0.0002531067 0.0002988065 0.06866926 0.003550525 0.01855413 0.001008911 2.109223e-05 3.866908e-05 0 0 0 3.866908e-05 0 2.109223e-05 4.921519e-05 4.921519e-05 1.406148e-05 3.163834e-05 1.757685e-05 0.0008366583 0 6.327668e-05 0 0 3.515371e-06 3.515371e-06 0 0.0001160072 0 0 0 0.0001089765 0 7.030742e-06 3.515371e-06 9.139964e-05 9.139964e-05 0 0 3.515371e-06 0 7.030742e-05 0 1.054611e-05 0 8.085353e-05 0 1.054611e-05 0 0 0
6.327668e-05 0.005853093 3.515371e-05 3.515371e-06 7.030742e-06 0.0001300687 0.0002495913 0.0007030742 0.002074069 0.0002777143 0.02916352 0.0003093526 0.01549576 0.0002812297 1.757685e-05 7.733816e-05 4.569982e-05 0.0002636528 0.0001160072 8.085353e-05 0.0001160072 0.004960188 0.0002952912 0.003655986 0.02033291 0.002548644 0.01318616 0.0002812297 0.0001300687 2.46076e-05 0.002056492 0.0002074069 0 0.01227216 0.0008296275 0.02728982 0.1250242 0.04573498 0.00947744 0.0009702424 0.0001757685 0.02370415 0.0005730055 0 0.0002038915 1.406148e-05 0 0 3.515371e-06 2.46076e-05 0 7.030742e-06 0 0.002130315 3.515371e-06 0.02878034 2.109223e-05 0 1.757685e-05 8.085353e-05 0.006531559 0.001051096 0 3.515371e-06 3.866908e-05 3.163834e-05 6.679205e-05 0.002692774 0.02370766 0.01424428 4.218445e-05 3.515371e-06 1.757685e-05 0.01031058 0 0 0.0001792839 1.757685e-05 0.0006116745 0.0123952 0.000217953 1.406148e-05 3.515371e-06 0 0.004348514 0
0.09886278 4.218445e-05 0.03984321 0.001195226 4.218445e-05 0.0131264 0.1637003 0.08330375 0.00279472 0.03208128 0.001574886 0.01882481 0.0002812297 0.1255515 0.000464029 9.491502e-05 0.07205807 0.0001863147 0.009603993 0.005849577 0.006696782 1.757685e-05 0.01427944 0.01623047 0 0.02883307 0.002963458 0.04622361 0.09553372 0.04254653 0.0002425606 0.01306312 0.0005624594 0.02642153 2.46076e-05 0.02970137 0.001567855 0.04433234 0.002337722 0.004685989 0.0008190814 2.46076e-05 8.788427e-05 9.491502e-05 2.812297e-05 0.0001124919 1.054611e-05 0 7.030742e-06 0.000625736 4.218445e-05 0.0006433129 6.679205e-05 0 5.624594e-05 0 0.0001441302 0 1.406148e-05 3.163834e-05 0 2.109223e-05 1.054611e-05 0 7.030742e-06 2.109223e-05 0.002386937 0 0.0002355299 0.0001124919 0.002263899 0.0001652224 1.757685e-05 0 0 1.054611e-05 7.382279e-05 0 0.0001370995 1.406148e-05 0.0001370995 1.054611e-05 1.757685e-05 3.515371e-06 0 0
4.218445e-05 0.0002109223 0 0.002569736 0.008401737 0.009639147 0.00227796 0.001409664 0.01103475 0.001427241 3.163834e-05 0.01184328 1.757685e-05 0.000464029 0.002365845 0 0 0 3.515371e-06 0.00288612 0 0.0006397975 3.515371e-06 0.02398186 0.0001089765 2.109223e-05 0.0003726293 0.007772485 0.0002671682 3.515371e-06 3.515371e-06 0.004039161 0 0.0002109223 0 5.624594e-05 7.030742e-06 0.0004183291 3.515371e-05 0.01201202 0.0005659747 0 0 0 0 0 0 0 0 3.515371e-06 0 1.054611e-05 0 0 0 0 0 0 3.515371e-06 0 0 0 0 0 0 0 2.46076e-05 0 3.515371e-06 3.515371e-06 2.46076e-05 0 0 0 0 0 0 0 0 0 0 0 0 0 0 0
3.163834e-05 0.0001792839 0.001381541 0 0 7.030742e-06 0.0009983654 4.569982e-05 0.0006644051 2.812297e-05 6.327668e-05 0 7.733816e-05 9.491502e-05 0 0.004601621 0.00179987 7.030742e-06 0.0004956673 0 0.01801628 0.02922328 0.03413074 0.0127151 7.030742e-06 0.00142021 0.07857206 0.004988311 7.030742e-05 0.03158912 1.757685e-05 0 7.382279e-05 0.01109451 0.0003726293 0.1346985 0.01858928 0.04245865 0.01896894 0.00255919 8.43689e-05 3.866908e-05 0.0006679205 9.491502e-05 5.273056e-05 0.0001089765 0 0 3.515371e-06 0.0004394214 1.757685e-05 0.0004112984 1.406148e-05 1.054611e-05 0 0 0.000123038 0 0.03537166 6.327668e-05 1.406148e-05 7.733816e-05 0 0.003012673 0.01034574 0.01101014 0.005554286 0 0.0002074069 0.007607263 0.00587067 0.0002952912 0.002168984 3.515371e-06 0 6.327668e-05 0.0005237903 4.569982e-05 0.009435256 0.002548644 0.002432637 0.00099485 7.382279e-05 1.054611e-05 2.46076e-05 4.921519e-05
0.04824847 0.004418821 0.07764048 1.054611e-05 1.757685e-05 0.0002495913 0.02804211 0.03283708 0.0001265534 0.0003198988 0.0001827993 2.46076e-05 4.569982e-05 0.07205807 0 0.00179987 0.003005642 8.085353e-05 0.003367725 1.757685e-05 0.02252298 0.001919393 0.01719719 0.004446944 7.030742e-06 0.0348092 0.3479901 0.006362821 0.03073137 0.04171339 3.515371e-05 0.001743624 0.0005730055 0.03675672 1.054611e-05 0.003993461 0.009263002 0.01026488 0.0007276818 3.866908e-05 2.109223e-05 0 1.406148e-05 0.0001300687 0.002741989 0.02082154 3.515371e-06 0 3.515371e-06 0.001574886 9.139964e-05 3.163834e-05 3.163834e-05 0.0001160072 2.109223e-05 0.0002038915 0.0004816058 0 0.0001265534 0.009473925 0.0001054611 0.003459125 3.515371e-06 0.0005097288 0.0001335841 0.002288506 0.000246076 6.679205e-05 0.04295783 0.02155625 0.0005237903 6.327668e-05 0.0003831754 1.757685e-05 0 3.515371e-06 0.003156803 7.030742e-06 0.002917758 0.002576767 0.003156803 0.0003339602 7.030742e-05 0 2.46076e-05 7.030742e-06
0.000123038 2.46076e-05 5.976131e-05 0 0 3.163834e-05 7.382279e-05 0.000284745 1.757685e-05 8.43689e-05 0.006415552 0.0001019458 0.0002636528 0.0001863147 0 7.030742e-06 8.085353e-05 0.001019458 0.0001195226 3.163834e-05 7.733816e-05 1.406148e-05 6.679205e-05 2.812297e-05 0.001367479 0.02464275 0.002935335 6.327668e-05 8.788427e-05 3.866908e-05 0.0006292514 1.054611e-05 0 0.01436381 3.515371e-06 0.003304449 0.01403336 0.03057318 0.005800362 8.43689e-05 3.515371e-06 1.054611e-05 7.030742e-06 0 5.273056e-05 2.109223e-05 0 0 0 2.46076e-05 0 0 3.515371e-06 0.0002952912 0 0.005424217 0 0 1.054611e-05 2.812297e-05 0.003234141 0.0004534829 0 3.515371e-06 1.406148e-05 2.109223e-05 1.757685e-05 0.0004288753 0.009540717 0.005768724 3.515371e-06 0 0 0.001972123 0 0 9.139964e-05 0 2.812297e-05 0.0001370995 8.43689e-05 0 0 0 1.406148e-05 0
0.00682685 0.002538098 0.004510221 3.515371e-06 7.030742e-06 6.327668e-05 0.002692774 0.005564832 7.733816e-05 5.624594e-05 0.001065157 8.43689e-05 0.0001160072 0.009603993 3.515371e-06 0.0004956673 0.003367725 0.0001195226 0.0018983 1.757685e-05 0.005079711 0.0003761447 0.002875573 0.0007311972 0.0001933454 0.01316858 0.06217637 0.001233895 0.005891762 0.004074315 5.273056e-05 0.0003866908 0.0001265534 0.04602324 1.757685e-05 0.009027473 0.009540717 0.05013974 0.00403213 0.0002249837 1.054611e-05 1.406148e-05 8.43689e-05 7.733816e-05 0.001416694 0.001789324 0 0 1.406148e-05 0.0002390452 1.406148e-05 1.054611e-05 7.030742e-06 0.000151161 1.406148e-05 0.0007030742 0.0001335841 0 5.273056e-05 0.005410156 0.0008296275 0.006137838 7.030742e-06 9.139964e-05 5.976131e-05 0.00018983 0.000123038 0.0001476456 0.02869246 0.01299984 0.0001160072 3.163834e-05 0.0001054611 0.0001124919 0 0 0.002541613 0 0.001089765 0.001353418 0.003237657 4.569982e-05 4.218445e-05 0 0.0001617071 3.515371e-06
5.273056e-05 0 1.406148e-05 0.03972369 0.0001792839 0.01631835 0.0003445064 0.01208936 0.005266026 0.03885891 0.000369114 0.07081012 8.085353e-05 0.005849577 0.00288612 0 1.757685e-05 3.163834e-05 1.757685e-05 0.003107588 3.515371e-06 0 3.515371e-06 0.007512348 0 0.0001863147 3.866908e-05 0.03834567 0.005505071 7.030742e-06 3.515371e-05 0.003648955 0 0.004682474 5.624594e-05 0.0006468283 0.0001265534 0.0226425 0.003072434 0.007522894 0.0005554286 2.812297e-05 2.109223e-05 7.030742e-06 0 0 2.109223e-05 0 1.054611e-05 0.0001652224 2.46076e-05 5.273056e-05 3.163834e-05 0 0.0001827993 0 1.054611e-05 0 0 0 0 0 1.406148e-05 0 0 0 0.0003163834 0 3.515371e-06 7.030742e-06 0.0002777143 1.757685e-05 3.515371e-06 0 0 0 0 0 1.054611e-05 3.515371e-06 1.757685e-05 0 3.515371e-06 0 0 0
0.005536709 4.921519e-05 0.01486299 7.030742e-06 0 0.0002144376 0.02326824 0.002766597 0.0003550525 0.0002952912 0.0003831754 0 0.0001160072 0.006696782 0 0.01801628 0.02252298 7.733816e-05 0.005079711 3.515371e-06 0.1181762 0.004197353 0.1968221 0.002527552 1.054611e-05 0.01267994 0.01297875 0.04475067 0.002007277 0.125207 7.030742e-06 0.0001476456 0.000151161 0.06078428 0.0001863147 0.07721161 0.003290387 0.1266834 0.02843232 0.003293903 0.0001757685 0.0001019458 0.0004745751 4.921519e-05 1.406148e-05 6.327668e-05 0 0 3.515371e-06 0.0001054611 1.757685e-05 0.0002882604 1.757685e-05 3.515371e-06 0 3.515371e-06 5.624594e-05 0 0.00298455 4.218445e-05 3.515371e-06 3.163834e-05 3.515371e-06 0.0003269295 0.0009280579 0.0005132442 0.001806901 7.030742e-06 0.0002636528 0.0002249837 0.00166277 0.0001722532 0.000435906 0 0 1.757685e-05 0.000123038 2.812297e-05 0.001065157 0.0002284991 0.0002988065 4.569982e-05 7.030742e-06 0 3.515371e-06 7.030742e-06
2.46076e-05 0.09572004 0.0006116745 7.030742e-06 4.218445e-05 1.054611e-05 0.0005167595 1.757685e-05 0.06548785 2.812297e-05 0.000340991 1.054611e-05 0.004960188 1.757685e-05 0.0006397975 0.02922328 0.001919393 1.406148e-05 0.0003761447 0 0.004197353 0.00971297 0.03189848 0.1423549 0.03543845 0.00340991 0.1122388 0.008373614 6.327668e-05 0.002808781 0.0002531067 3.515371e-06 7.030742e-06 0.003195472 6.679205e-05 0.0293428 0.004049707 0.01213858 0.003026734 0.0009034503 0 0.0003058373 0.0001757685 9.843039e-05 0.0001546763 0.001370995 0 0 0 0.0003339602 3.515371e-05 7.733816e-05 2.812297e-05 3.163834e-05 0 0.0001406148 5.273056e-05 0 0.02325418 0.000151161 8.43689e-05 0.0001019458 0 0.001704955 0.001673317 0.009206757 0.005160565 2.812297e-05 0.001033519 0.01153042 0.005016434 0.0002320145 0.001321779 5.624594e-05 3.515371e-06 2.46076e-05 0.000407783 2.812297e-05 0.005955038 0.001856116 0.001842054 0.000899935 8.085353e-05 7.030742e-06 1.757685e-05 3.163834e-05
0.009340341 0.0004780905 0.09235934 3.515371e-06 0 0.0004429367 0.04133373 0.006714359 0.0002706836 0.000776897 0.0002566221 0 0.0002952912 0.01427944 3.515371e-06 0.03413074 0.01719719 6.679205e-05 0.002875573 3.515371e-06 0.1968221 0.03189848 0.1649236 0.03896437 3.515371e-06 0.04379449 0.4814898 0.09291477 0.002643559 0.1126747 3.866908e-05 0.0002636528 0.0002741989 0.05125411 0.0003339602 0.2331042 0.02376742 0.2360572 0.051915 0.005223841 0.0001968608 0.0001652224 0.001244441 9.139964e-05 0.0007663509 0.01473292 3.515371e-06 0 1.054611e-05 0.0009069657 2.812297e-05 0.0002601375 4.921519e-05 5.273056e-05 0 5.273056e-05 0.0001265534 0 0.04182588 0.0005167595 6.679205e-05 0.0001687378 7.030742e-06 0.002724412 0.0100399 0.03749846 0.002334206 0 0.0007382279 0.04981281 0.003413425 0.000151161 0.0007417433 3.515371e-06 3.515371e-06 2.812297e-05 0.001089765 0.0001195226 0.01797409 0.004710597 0.005343364 0.003733324 0.0001722532 3.515371e-06 3.515371e-05 0.0001089765
0.01695463 0.05513508 0.007311972 0.02590828 0.001479971 0.006605382 0.03920693 0.01217373 0.2130069 0.009301672 0.000312868 0.003385302 0.003655986 0.01623047 0.02398186 0.0127151 0.004446944 2.812297e-05 0.0007311972 0.007512348 0.002527552 0.1423549 0.03896437 0.04414251 0.01864201 0.008254091 0.2305662 0.08397518 0.0700965 0.05171814 0.0003831754 0.001001881 0.01005045 0.03086144 0.0004534829 0.08320532 0.00663702 0.07739792 0.02103598 0.01829399 0.0009069657 0.0001581917 0.0003585678 0.00346264 0.0001792839 0.0003163834 0.0002706836 0 0.0003023219 0.0129682 0.001258503 0.04077127 0.001153042 6.327668e-05 4.569982e-05 0.0001124919 0.00326578 1.054611e-05 0.01289438 0.0002706836 6.679205e-05 0.0001827993 0.0002003761 0.00147294 0.006454221 0.002116253 0.08989858 3.515371e-05 0.001659255 0.00312868 0.07346071 0.007065896 0.005547255 5.273056e-05 4.921519e-05 0.0008050199 0.00241506 2.46076e-05 0.01192765 0.001409664 0.006454221 0.0005519132 0.000407783 4.569982e-05 3.866908e-05 5.273056e-05
3.515371e-06 0.01389978 1.406148e-05 0 1.054611e-05 0 1.406148e-05 1.406148e-05 0.01277134 0 0.006433129 0 0.02033291 0 0.0001089765 7.030742e-06 7.030742e-06 0.001367479 0.0001933454 0 1.054611e-05 0.03543845 3.515371e-06 0.01864201 0.001697924 0.01160424 0.04760515 0.0002214684 0 0 0.001849085 0 0 0.000776897 3.515371e-06 0.0006397975 0.003504825 0.003026734 0.000284745 8.788427e-05 0 0.005832 1.054611e-05 0 5.976131e-05 1.406148e-05 0 0 0 3.515371e-06 0 3.515371e-06 0 0.0002249837 0 0.002836904 3.515371e-06 0 7.030742e-06 2.46076e-05 0.0006925281 0.0004042677 0 0 7.030742e-06 3.515371e-06 3.515371e-05 0.0004253599 0.004134076 0.003592709 1.054611e-05 0 7.030742e-06 0.0009421194 0 0 4.218445e-05 0 3.163834e-05 0.001933454 8.085353e-05 0 0 0 0.001388572 0
0.009684847 0.05975076 0.04344999 8.43689e-05 7.030742e-06 0.001641678 0.08200306 0.02973652 0.001399118 0.001947516 0.05255128 0.0005800362 0.002548644 0.02883307 2.109223e-05 0.00142021 0.0348092 0.02464275 0.01316858 0.0001863147 0.01267994 0.00340991 0.04379449 0.008254091 0.01160424 0.1549927 0.4795353 0.01773856 0.00734361 0.02680119 0.001736593 0.0008682966 0.0001370995 0.1082348 0.000217953 0.1083086 0.1763521 0.2978257 0.04772116 0.003072434 9.139964e-05 0.0003761447 0.0006397975 0.0002706836 0.01220537 0.01542193 0 0 4.569982e-05 0.002091646 0.0002284991 0.0001054611 8.085353e-05 0.001645194 5.976131e-05 0.01652224 0.0008366583 0 0.0003726293 0.02601375 0.01563989 0.03524159 7.030742e-06 0.0007979892 0.0003761447 0.001729563 0.001198741 0.003761447 0.209952 0.1134938 0.0009843039 0.0002671682 0.0007276818 0.004330937 3.515371e-06 2.46076e-05 0.01197687 0 0.005427733 0.007234633 0.01286274 0.0002988065 0.0002038915 0 0.0008085353 1.054611e-05
0.001022973 0.08004851 0.4395268 4.569982e-05 3.866908e-05 0.0006608897 0.02337722 0.004362575 0.02345104 0.001321779 0.01580159 0.0002074069 0.01318616 0.002963458 0.0003726293 0.07857206 0.3479901 0.002935335 0.06217637 3.866908e-05 0.01297875 0.1122388 0.4814898 0.2305662 0.04760515 0.4795353 0.4580282 0.0604468 0.00132881 0.005747632 0.002836904 0.0001265534 0.0002214684 0.2042993 0.001430756 0.4170179 0.2079201 0.507718 0.06204278 0.006939342 2.812297e-05 0.001110857 0.002921273 0.0003234141 0.02053328 0.06390593 7.030742e-06 0 3.515371e-05 0.00355404 0.0002003761 0.000246076 0.0001300687 0.001504579 4.569982e-05 0.01693706 0.001012427 3.515371e-06 0.008440406 0.01805143 0.01482432 0.02994393 3.163834e-05 0.00184557 0.007410402 0.03223595 0.002109223 0.005919885 0.1835551 0.193377 0.002924789 0.0003585678 0.0009632116 0.004373121 7.030742e-06 2.812297e-05 0.01028949 8.43689e-05 0.01692651 0.009516109 0.01395954 0.003269295 0.000217953 0 0.0008472044 2.46076e-05
0.04606191 0.000966727 0.0211098 0.01974584 0.0004816058 0.06402897 0.2987397 0.03987485 0.109205 0.127608 0.0005730055 0.02507514 0.0002812297 0.04622361 0.007772485 0.004988311 0.006362821 6.327668e-05 0.001233895 0.03834567 0.04475067 0.008373614 0.09291477 0.08397518 0.0002214684 0.01773856 0.0604468 0.09038019 0.1489428 0.3219693 3.866908e-05 0.00289315 0.02041024 0.08745891 0.000625736 0.1245953 0.004847697 0.1823493 0.04457842 0.01492627 0.002056492 0.0001441302 0.0006854973 0.00246779 5.976131e-05 0.0001441302 0.0003163834 0 0.0003093526 0.01355176 0.00108625 0.02711054 0.001022973 4.218445e-05 0.0001019458 2.109223e-05 0.002910727 1.406148e-05 0.004366091 8.788427e-05 1.406148e-05 3.515371e-05 0.0002284991 0.0004218445 0.001975638 0.000748774 0.07570351 2.109223e-05 0.0003515371 0.001370995 0.05894222 0.006028861 0.002678713 3.515371e-06 5.273056e-05 0.0005237903 0.001842054 3.163834e-05 0.005958554 0.0006011284 0.00440476 0.0003585678 0.0003655986 4.218445e-05 1.054611e-05 4.218445e-05
0.1087902 2.109223e-05 0.006218691 0.001367479 1.406148e-05 0.01077461 0.1254987 0.04788638 0.004953158 0.02734256 0.0004886366 0.01999543 0.0001300687 0.09553372 0.0002671682 7.030742e-05 0.03073137 8.788427e-05 0.005891762 0.005505071 0.002007277 6.327668e-05 0.002643559 0.0700965 0 0.00734361 0.00132881 0.1489428 0.1834004 0.05074438 3.163834e-05 0.004689505 0.01419858 0.02179178 3.866908e-05 0.03657743 0.001047581 0.02000949 0.001680347 0.004095407 0.0006960434 2.109223e-05 0.0001617071 0.0005132442 3.515371e-06 4.218445e-05 7.030742e-06 0 1.054611e-05 0.001353418 0.0001370995 0.001448333 8.085353e-05 3.515371e-06 4.218445e-05 0 0.0004745751 3.515371e-06 8.788427e-05 1.054611e-05 0 0 7.030742e-06 3.515371e-06 3.515371e-05 5.273056e-05 0.007301425 0 6.327668e-05 8.43689e-05 0.00672842 0.0008858735 0.0002390452 0 1.054611e-05 7.733816e-05 0.000312868 7.030742e-06 0.0007382279 3.163834e-05 0.000653859 3.163834e-05 1.406148e-05 1.054611e-05 0 0
0.03511856 4.921519e-05 0.02879089 5.273056e-05 7.030742e-06 0.0005097288 0.08366583 0.01407203 0.0007171357 0.0008542351 9.491502e-05 3.515371e-06 2.46076e-05 0.04254653 3.515371e-06 0.03158912 0.04171339 3.866908e-05 0.004074315 7.030742e-06 0.125207 0.002808781 0.1126747 0.05171814 0 0.02680119 0.005747632 0.3219693 0.05074438 0.04397378 1.757685e-05 0.0005905823 0.007273303 0.01797409 4.921519e-05 0.0267801 0.002168984 0.03077356 0.005972615 0.0004007523 0.0001124919 2.109223e-05 8.43689e-05 0.0002003761 2.109223e-05 0.0001265534 0 0 3.515371e-06 0.0003023219 3.515371e-05 0.0004323906 1.406148e-05 3.515371e-06 0 0 0.0001195226 0 0.001863147 7.382279e-05 0 2.46076e-05 0 0.0002741989 0.0007101049 0.0001370995 0.002907212 0 0.0003374756 0.0001968608 0.002798235 0.0003972369 0.0004464521 3.515371e-06 3.515371e-06 8.788427e-05 0.0001370995 3.515371e-06 0.0009843039 0.0002109223 0.0004675443 1.757685e-05 1.757685e-05 0 3.515371e-06 1.054611e-05
3.515371e-05 0.0002601375 2.812297e-05 0 0 5.624594e-05 6.327668e-05 0.0002812297 0.0001300687 8.788427e-05 0.01746436 0.0001124919 0.002056492 0.0002425606 3.515371e-06 1.757685e-05 3.515371e-05 0.0006292514 5.273056e-05 3.515371e-05 7.030742e-06 0.0002531067 3.866908e-05 0.0003831754 0.001849085 0.001736593 0.002836904 3.866908e-05 3.163834e-05 1.757685e-05 2.109223e-05 2.812297e-05 0 0.00700965 3.515371e-06 0.001680347 0.01921853 0.02690313 0.006798727 6.679205e-05 0 0.0002741989 7.030742e-06 0 4.218445e-05 1.054611e-05 0 0 0 1.054611e-05 0 3.515371e-06 0 0.0002003761 0 0.003497794 3.515371e-06 0 3.515371e-06 2.812297e-05 0.001631132 0.0003655986 0 0 0 2.109223e-05 1.757685e-05 0.0003902062 0.005680839 0.00412353 1.757685e-05 0 0 0.001163588 0 0 5.624594e-05 0 4.218445e-05 0.000284745 5.624594e-05 0 0 0 2.46076e-05 0
0.00179987 7.030742e-06 0.0008788427 0.0002320145 0.0004921519 0.03352961 0.004981281 0.07011407 0.0003269295 0.007269787 0.0003902062 0.01764716 0.0002074069 0.01306312 0.004039161 0 0.001743624 1.054611e-05 0.0003866908 0.003648955 0.0001476456 3.515371e-06 0.0002636528 0.001001881 0 0.0008682966 0.0001265534 0.00289315 0.004689505 0.0005905823 2.812297e-05 1.054611e-05 1.406148e-05 0.00445749 1.757685e-05 0.01171673 0.0003726293 0.02018878 0.0006081592 0.0208813 0.006232753 1.054611e-05 4.569982e-05 3.515371e-06 3.515371e-06 3.515371e-06 0 0 0 7.030742e-05 0 4.218445e-05 1.757685e-05 0 1.406148e-05 0 7.030742e-06 0 3.515371e-06 0 0 0 3.515371e-06 0 0 3.515371e-06 0.0002038915 0 7.030742e-06 7.030742e-06 0.0001827993 2.46076e-05 0 0 0 0 0 0 1.054611e-05 0 1.757685e-05 0 0 0 0 0
0.00284745 0 0.0001476456 7.030742e-06 0 0.00018983 0.009505563 0.001149526 0.0003515371 0.0002495913 7.030742e-06 0 0 0.0005624594 0 7.382279e-05 0.0005730055 0 0.0001265534 0 0.000151161 7.030742e-06 0.0002741989 0.01005045 0 0.0001370995 0.0002214684 0.02041024 0.01419858 0.007273303 0 1.406148e-05 0.0003796601 0.0009526655 0 0.0001722532 2.46076e-05 0.0008577505 0.0001019458 1.757685e-05 0 7.030742e-06 0 5.273056e-05 0 3.515371e-06 3.515371e-06 0 0 0.0001265534 2.109223e-05 0.0001863147 1.054611e-05 0 0 0 5.624594e-05 0 3.163834e-05 0 0 0 0 0 1.054611e-05 7.030742e-06 0.0008823581 0 0 1.054611e-05 0.0008823581 0.0001827993 3.866908e-05 0 0 1.406148e-05 4.569982e-05 0 0.000123038 7.030742e-06 9.491502e-05 1.757685e-05 0 0 0 7.030742e-06
0.02618248 0.001982669 0.004932065 0.0008085353 3.515371e-05 0.006946373 0.04259223 0.02424551 0.001722532 0.01762607 0.06831772 0.01732726 0.01227216 0.02642153 0.0002109223 0.01109451 0.03675672 0.01436381 0.04602324 0.004682474 0.06078428 0.003195472 0.05125411 0.03086144 0.000776897 0.1082348 0.2042993 0.08745891 0.02179178 0.01797409 0.00700965 0.00445749 0.0009526655 0.01829751 4.218445e-05 0.01834321 0.01809361 0.05925158 0.002109223 0.001961577 0.0001195226 0.001061642 0.0001546763 0.0001757685 0.0007698662 0.008029107 7.030742e-06 0 1.054611e-05 0.0008155661 8.085353e-05 0.0004956673 4.569982e-05 5.624594e-05 3.515371e-05 0.0001863147 0.0002566221 0 0.0006222207 0.001103826 0.0002741989 0.0009315733 1.757685e-05 0.0001370995 0.0003761447 0.002168984 0.002717382 8.788427e-05 0.007027227 0.01030355 0.002411544 0.0003866908 0.0002214684 2.46076e-05 1.054611e-05 3.515371e-05 0.0006784666 0 0.001757685 0.0007065896 0.001226864 0.0002355299 2.46076e-05 7.030742e-06 2.109223e-05 0
3.515371e-06 1.406148e-05 1.406148e-05 2.46076e-05 0 7.030742e-05 0.0002320145 0.0001124919 1.406148e-05 0.0001089765 7.030742e-06 8.788427e-05 0.0008296275 2.46076e-05 0 0.0003726293 1.054611e-05 3.515371e-06 1.757685e-05 5.624594e-05 0.0001863147 6.679205e-05 0.0003339602 0.0004534829 3.515371e-06 0.000217953 0.001430756 0.000625736 3.866908e-05 4.921519e-05 3.515371e-06 1.757685e-05 0 4.218445e-05 0.6868648 0.09127661 0.001539732 0.002341237 0.00293885 3.515371e-05 0.0001335841 0.0006608897 0.001181165 3.515371e-06 1.054611e-05 7.733816e-05 0 0 0 7.030742e-06 0 7.030742e-06 0 0 0 0.0002495913 7.030742e-06 0 1.406148e-05 1.757685e-05 0 3.515371e-06 0 7.030742e-06 1.054611e-05 4.218445e-05 3.163834e-05 7.030742e-06 2.46076e-05 0.0001124919 5.273056e-05 7.030742e-06 3.515371e-06 0 0 0 0.0001546763 0.4086584 0.001258503 8.788427e-05 0.0002741989 0.0007276818 0 4.218445e-05 0.00018983 4.569982e-05
0.001290141 0.003796601 0.004580528 0.001339356 0.0002952912 0.002826358 0.05812314 0.01327756 0.003522402 0.007157295 0.005832 0.0002531067 0.02728982 0.02970137 5.624594e-05 0.1346985 0.003993461 0.003304449 0.009027473 0.0006468283 0.07721161 0.0293428 0.2331042 0.08320532 0.0006397975 0.1083086 0.4170179 0.1245953 0.03657743 0.0267801 0.001680347 0.01171673 0.0001722532 0.01834321 0.09127661 0.07620973 0.601603 0.1732691 0.03935809 0.04048653 0.03744925 0.04407924 0.004865273 0.0006925281 0.001905331 0.018983 2.46076e-05 0 1.757685e-05 0.002154922 0.0001968608 0.001747139 0.0001054611 0.0002355299 3.515371e-06 0.001082734 0.0007698662 0 0.01555552 0.00289315 0.001627617 0.002386937 7.030742e-06 0.001497548 0.004098923 0.00942471 0.01113318 0.000246076 0.01207178 0.02627037 0.009663755 0.00147294 0.001817447 0.0002074069 3.515371e-06 0.000123038 0.001884239 0.0009069657 0.009727031 0.009491502 0.01675074 0.006313606 0.0001406148 4.569982e-05 0.001792839 0.0001089765
0.00018983 0.001761201 0.002562705 3.866908e-05 7.030742e-06 0.0002741989 0.001680347 0.001385056 0.0003972369 0.0005378518 0.07358023 0.0002988065 0.1250242 0.001567855 7.030742e-06 0.01858928 0.009263002 0.01403336 0.009540717 0.0001265534 0.003290387 0.004049707 0.02376742 0.00663702 0.003504825 0.1763521 0.2079201 0.004847697 0.001047581 0.002168984 0.01921853 0.0003726293 2.46076e-05 0.01809361 0.001539732 0.601603 0.051001 0.08390136 0.02001301 0.02521927 0.001550279 6.679205e-05 0.003627863 3.515371e-05 0.0003374756 0.002042431 0 0 0 0.0001370995 0 7.382279e-05 3.515371e-06 0.0001370995 3.515371e-06 0.0006679205 3.515371e-05 0 0.002664651 0.0008823581 0.0001687378 0.0009596963 0 0.0002531067 0.0008050199 0.001743624 0.0006433129 5.273056e-05 0.004552405 0.005048073 0.0005835516 5.273056e-05 0.0001968608 0.0001300687 0 7.030742e-06 0.0004499675 4.569982e-05 0.01606525 0.001711986 0.001156557 0.0004464521 1.406148e-05 0 0.002281476 7.030742e-06
0.01981966 0.005603501 0.008074807 0.004998858 0.0004886366 0.01948922 0.1177474 0.05448473 0.006056984 0.10692 0.0664616 0.06866926 0.04573498 0.04433234 0.0004183291 0.04245865 0.01026488 0.03057318 0.05013974 0.0226425 0.1266834 0.01213858 0.2360572 0.07739792 0.003026734 0.2978257 0.507718 0.1823493 0.02000949 0.03077356 0.02690313 0.02018878 0.0008577505 0.05925158 0.002341237 0.1732691 0.08390136 0.08243193 0.0154606 0.00545234 0.001673317 0.004664897 0.002281476 0.0005448825 0.001884239 0.01510906 2.812297e-05 0 3.866908e-05 0.002446698 0.00018983 0.001803385 0.0001546763 0.0001160072 0.0001581917 0.0004394214 0.0007171357 0 0.004496159 0.003023219 0.0004710597 0.002692774 1.757685e-05 0.0005273056 0.00151864 0.006763574 0.01003287 0.0002249837 0.01772099 0.0245865 0.007965831 0.001135465 0.0006960434 4.921519e-05 2.109223e-05 0.0001300687 0.001810416 0.0001265534 0.004636774 0.001704955 0.003248203 0.0007558048 0.0001089765 1.054611e-05 0.0001300687 1.757685e-05
0.0009104811 0.0004499675 0.0009772731 0.001195226 2.109223e-05 0.002123284 0.02611569 0.003371241 0.001233895 0.01855764 0.009505563 0.003550525 0.00947744 0.002337722 3.515371e-05 0.01896894 0.0007276818 0.005800362 0.00403213 0.003072434 0.02843232 0.003026734 0.051915 0.02103598 0.000284745 0.04772116 0.06204278 0.04457842 0.001680347 0.005972615 0.006798727 0.0006081592 0.0001019458 0.002109223 0.00293885 0.03935809 0.02001301 0.0154606 0.0009878192 0.0007979892 0.0001792839 0.0004218445 0.0004675443 0.0001300687 0.0001370995 0.001216318 7.030742e-06 0 1.054611e-05 0.0004816058 3.163834e-05 0.000530821 3.515371e-05 1.406148e-05 1.406148e-05 6.327668e-05 0.0002038915 0 0.001785808 0.0002214684 6.327668e-05 0.0002038915 1.054611e-05 0.0001581917 0.0005273056 0.001177649 0.002717382 1.406148e-05 0.001293657 0.002320145 0.002320145 0.0003937215 0.0001827993 2.109223e-05 3.515371e-06 4.569982e-05 0.0002074069 0.0006187053 0.0008823581 0.0002425606 0.0004921519 9.491502e-05 7.030742e-06 3.515371e-06 0 3.515371e-06
7.382279e-05 0.0002038915 8.788427e-05 0.005926915 0.01096796 0.02268117 0.003719262 0.009544232 0.005234387 0.006932312 0.0004780905 0.01855413 0.0009702424 0.004685989 0.01201202 0.00255919 3.866908e-05 8.43689e-05 0.0002249837 0.007522894 0.003293903 0.0009034503 0.005223841 0.01829399 8.788427e-05 0.003072434 0.006939342 0.01492627 0.004095407 0.0004007523 6.679205e-05 0.0208813 1.757685e-05 0.001961577 3.515371e-05 0.04048653 0.02521927 0.00545234 0.0007979892 0.01246199 0.001483487 0.001416694 0.0001476456 2.46076e-05 2.109223e-05 0.0002777143 1.054611e-05 0 3.163834e-05 0.0003163834 2.109223e-05 5.624594e-05 4.218445e-05 3.515371e-06 2.109223e-05 0 3.163834e-05 0 0.0002812297 4.569982e-05 3.515371e-06 1.054611e-05 1.757685e-05 2.46076e-05 4.218445e-05 0.0001406148 0.0005730055 0 0.0001265534 0.0003269295 0.0004394214 3.866908e-05 3.866908e-05 0 0 3.515371e-06 3.515371e-05 3.163834e-05 0.0001863147 4.921519e-05 7.030742e-05 2.812297e-05 1.406148e-05 0 3.515371e-06 0
4.569982e-05 0 3.866908e-05 0.0002144376 0.0001441302 0.0007698662 0.001873693 0.0008893889 0.0001195226 0.003360695 3.866908e-05 0.001008911 0.0001757685 0.0008190814 0.0005659747 8.43689e-05 2.109223e-05 3.515371e-06 1.054611e-05 0.0005554286 0.0001757685 0 0.0001968608 0.0009069657 0 9.139964e-05 2.812297e-05 0.002056492 0.0006960434 0.0001124919 0 0.006232753 0 0.0001195226 0.0001335841 0.03744925 0.001550279 0.001673317 0.0001792839 0.001483487 0 0.0003655986 0.0001827993 7.030742e-06 0 7.030742e-06 0 0 0 5.624594e-05 3.515371e-06 5.624594e-05 0 0 0 0 3.515371e-06 0 3.515371e-06 0 0 0 7.030742e-06 0 3.515371e-06 0 0.0001617071 0 3.515371e-06 3.515371e-06 0.0001089765 2.109223e-05 7.030742e-06 0 0 0 3.515371e-06 0 5.624594e-05 7.030742e-06 1.054611e-05 0 0 0 0 0
1.406148e-05 0.001058127 7.030742e-06 3.515371e-06 3.515371e-06 1.054611e-05 8.085353e-05 7.382279e-05 4.218445e-05 5.273056e-05 0.004671928 2.109223e-05 0.02370415 2.46076e-05 0 3.866908e-05 0 1.054611e-05 1.406148e-05 2.812297e-05 0.0001019458 0.0003058373 0.0001652224 0.0001581917 0.005832 0.0003761447 0.001110857 0.0001441302 2.109223e-05 2.109223e-05 0.0002741989 1.054611e-05 7.030742e-06 0.001061642 0.0006608897 0.04407924 6.679205e-05 0.004664897 0.0004218445 0.001416694 0.0003655986 0 0.0009421194 0 0 0 0 0 0 0 0 7.030742e-06 0 5.976131e-05 0 0.000151161 0 0 7.030742e-06 0 1.054611e-05 7.030742e-06 0 0 0 3.515371e-06 2.109223e-05 2.46076e-05 7.030742e-05 5.273056e-05 0 3.515371e-06 0 1.054611e-05 0 0 0 7.030742e-06 0.0003655986 2.109223e-05 7.030742e-06 0 0 0 0.0001546763 0
0 3.866908e-05 2.109223e-05 2.109223e-05 3.515371e-06 2.812297e-05 0.0002601375 8.085353e-05 1.757685e-05 0.0001160072 4.921519e-05 3.866908e-05 0.0005730055 8.788427e-05 0 0.0006679205 1.406148e-05 7.030742e-06 8.43689e-05 2.109223e-05 0.0004745751 0.0001757685 0.001244441 0.0003585678 1.054611e-05 0.0006397975 0.002921273 0.0006854973 0.0001617071 8.43689e-05 7.030742e-06 4.569982e-05 0 0.0001546763 0.001181165 0.004865273 0.003627863 0.002281476 0.0004675443 0.0001476456 0.0001827993 0.0009421194 4.569982e-05 0 7.030742e-06 0.0001265534 0 0 0 3.515371e-06 0 7.030742e-06 0 0 0 7.030742e-06 3.515371e-06 0 4.921519e-05 1.757685e-05 0 7.030742e-06 0 3.515371e-06 1.406148e-05 7.382279e-05 3.866908e-05 0 9.491502e-05 0.0001757685 2.812297e-05 7.030742e-06 1.406148e-05 0 0 0 2.109223e-05 3.515371e-06 0.0001792839 1.406148e-05 3.163834e-05 2.109223e-05 3.515371e-06 0 3.515371e-06 0
6.679205e-05 2.109223e-05 0.0001089765 2.812297e-05 0 4.218445e-05 0.001669801 0.0001441302 0.0003972369 7.733816e-05 0 0 0 9.491502e-05 0 9.491502e-05 0.0001300687 0 7.733816e-05 7.030742e-06 4.921519e-05 9.843039e-05 9.139964e-05 0.00346264 0 0.0002706836 0.0003234141 0.00246779 0.0005132442 0.0002003761 0 3.515371e-06 5.273056e-05 0.0001757685 3.515371e-06 0.0006925281 3.515371e-05 0.0005448825 0.0001300687 2.46076e-05 7.030742e-06 0 0 0.00781467 9.843039e-05 0.003729809 0.001771747 0 0.001216318 0.08136326 0.007772485 0.0007733816 0.007983407 0.001212803 0.0008225968 6.327668e-05 0.07104565 3.515371e-06 0.0004569982 0.01740109 0.0004042677 0.01616016 0.001360449 0.001550279 0.001297172 0.001269049 0.0190744 7.030742e-06 0.01687378 0.00464029 0.06330832 0.07026172 0.01598088 9.139964e-05 0.001051096 0.00161004 0.01622344 1.054611e-05 0.001297172 0.0007628355 0.007884977 0.0006222207 0.0001089765 1.406148e-05 1.757685e-05 1.406148e-05
